Hugo_Symbol	Entrez_Gene_Id	Center	NCBI_Build	Chromosome	Start_Position	End_Position	Strand	Variant_Classification	Variant_Type	Reference_Allele	Tumor_Seq_Allele1	Tumor_Seq_Allele2	dbSNP_RS	dbSNP_Val_Status	Tumor_Sample_Barcode	Matched_Norm_Sample_Barcode	Match_Norm_Seq_Allele1	Match_Norm_Seq_Allele2	Tumor_Validation_Allele1	Tumor_Validation_Allele2	Match_Norm_Validation_Allele1	Match_Norm_Validation_Allele2	Verification_Status	Validation_Status	Mutation_Status	Sequencing_Phase	Sequence_Source	Validation_Method	Score	BAM_File	Sequencer	Tumor_Sample_UUID	Matched_Norm_Sample_UUID	HGVSc	HGVSp	HGVSp_Short	Transcript_ID	Exon_Number	t_depth	t_ref_count	t_alt_count	n_depth	n_ref_count	n_alt_count	all_effects	Allele	Gene	Feature	Feature_type	One_Consequence	Consequence	cDNA_position	CDS_position	Protein_position	Amino_acids	Codons	Existing_variation	DISTANCE	TRANSCRIPT_STRAND	SYMBOL	SYMBOL_SOURCE	HGNC_ID	BIOTYPE	CANONICAL	CCDS	ENSP	SWISSPROT	TREMBL	UNIPARC	UNIPROT_ISOFORM	RefSeq	MANE	APPRIS	FLAGS	SIFT	PolyPhen	EXON	INTRON	DOMAINS	1000G_AF	1000G_AFR_AF	1000G_AMR_AF	1000G_EAS_AF	1000G_EUR_AF	1000G_SAS_AF	ESP_AA_AF	ESP_EA_AF	gnomAD_AF	gnomAD_AFR_AF	gnomAD_AMR_AF	gnomAD_ASJ_AF	gnomAD_EAS_AF	gnomAD_FIN_AF	gnomAD_NFE_AF	gnomAD_OTH_AF	gnomAD_SAS_AF	MAX_AF	MAX_AF_POPS	gnomAD_non_cancer_AF	gnomAD_non_cancer_AFR_AF	gnomAD_non_cancer_AMI_AF	gnomAD_non_cancer_AMR_AF	gnomAD_non_cancer_ASJ_AF	gnomAD_non_cancer_EAS_AF	gnomAD_non_cancer_FIN_AF	gnomAD_non_cancer_MID_AF	gnomAD_non_cancer_NFE_AF	gnomAD_non_cancer_OTH_AF	gnomAD_non_cancer_SAS_AF	gnomAD_non_cancer_MAX_AF_adj	gnomAD_non_cancer_MAX_AF_POPS_adj	CLIN_SIG	SOMATIC	PUBMED	TRANSCRIPTION_FACTORS	MOTIF_NAME	MOTIF_POS	HIGH_INF_POS	MOTIF_SCORE_CHANGE	miRNA	IMPACT	PICK	VARIANT_CLASS	TSL	HGVS_OFFSET	PHENO	GENE_PHENO	CONTEXT	tumor_bam_uuid	normal_bam_uuid	case_id	GDC_FILTER	COSMIC	hotspot	RNA_Support	RNA_depth	RNA_ref_count	RNA_alt_count	callers
UBR4	23352	WUGSC	GRCh38	chr1	19185173	19185173	+	Silent	SNP	G	G	T	NA	NA	TCGA-DX-A8BU-01A-11D-A37C-09	TCGA-DX-A8BU-10A-01D-A37F-09	NA	NA	NA	NA	NA	NA	NA	NA	Somatic	NA	NA	NA	NA	NA	NA	330b9068-ca47-4592-88e4-6c469c5cd907	6251e219-3da3-43e1-aba3-1ab654ae4151	c.1864C>A	p.Arg622=	p.R622=	ENST00000375254	15/106	86	77	9	52	NA	NA	UBR4,synonymous_variant,p.R622=,ENST00000375254,NM_020765.3,c.1864C>A,LOW,YES,,,-1	T	ENSG00000127481	ENST00000375254	Transcript	synonymous_variant	synonymous_variant	1882/15892	1864/15552	622/5183	R	Cgg/Agg	COSV100921446	NA	-1	UBR4	HGNC	HGNC:30313	protein_coding	YES	CCDS189.1	ENSP00000364403	Q5T4S7.157	NA	UPI000021276F	Q5T4S7-1	NM_020765.3	NM_020765.3	P1	NA	NA	NA	15/106	NA	PANTHER:PTHR21725;PANTHER:PTHR21725:SF1;MobiDB_lite:mobidb-lite	NA	NA	NA	NA	NA	NA	NA	NA	NA	NA	NA	NA	NA	NA	NA	NA	NA	NA	NA	NA	NA	NA	NA	NA	NA	NA	NA	NA	NA	NA	NA	NA	NA	1	NA	NA	NA	NA	NA	NA	NA	LOW	1	SNV	1	NA	1	NA	AACCCGAGGAG	240b67c2-8920-4f4b-b140-46dc844fe8fa	ef69dfd6-0c41-4e3f-9a21-69d748957411	4996e458-db04-4c6d-9ae6-66316240a8ed	NA	NA	N	Unknown	NA	NA	NA	muse;mutect2
NRDC	4898	WUGSC	GRCh38	chr1	51789310	51789310	+	Missense_Mutation	SNP	T	T	C	NA	NA	TCGA-DX-A8BU-01A-11D-A37C-09	TCGA-DX-A8BU-10A-01D-A37F-09	NA	NA	NA	NA	NA	NA	NA	NA	Somatic	NA	NA	NA	NA	NA	NA	330b9068-ca47-4592-88e4-6c469c5cd907	6251e219-3da3-43e1-aba3-1ab654ae4151	c.3586A>G	p.Ile1196Val	p.I1196V	ENST00000354831	33/33	84	39	45	37	NA	NA	NRDC,missense_variant,p.I1196V,ENST00000354831,NM_002525.2,c.3586A>G,MODERATE,YES,tolerated(0.49),benign(0),-1;NRDC,missense_variant,p.I1128V,ENST00000352171,NM_001101662.2,c.3382A>G,MODERATE,,tolerated(0.54),benign(0.001),-1;NRDC,missense_variant,p.I1064V,ENST00000539524,NM_001242361.1,c.3190A>G,MODERATE,,tolerated(0.8),benign(0),-1;NRDC,missense_variant,p.I515V,ENST00000440943,,c.1543A>G,MODERATE,,tolerated(0.52),benign(0.001),-1;NRDC,3_prime_UTR_variant,,ENST00000544028,,c.*533A>G,MODIFIER,,,,-1;OSBPL9,intron_variant,,ENST00000625138,,c.*1521T>C,MODIFIER,,,,1;OSBPL9,downstream_gene_variant,,ENST00000361556,NM_001350208.2&NM_001350209.2&NM_148907.3,,MODIFIER,,,,1;OSBPL9,downstream_gene_variant,,ENST00000371714,NM_148908.4,,MODIFIER,,,,1;OSBPL9,downstream_gene_variant,,ENST00000428468,NM_024586.6,,MODIFIER,,,,1;OSBPL9,downstream_gene_variant,,ENST00000447887,NM_148909.4,,MODIFIER,YES,,,1;OSBPL9,downstream_gene_variant,,ENST00000453295,NM_148906.3,,MODIFIER,,,,1;OSBPL9,downstream_gene_variant,,ENST00000462759,NM_001350210.2&NM_148904.4,,MODIFIER,,,,1;OSBPL9,downstream_gene_variant,,ENST00000486942,NM_148905.4,,MODIFIER,,,,1;OSBPL9,downstream_gene_variant,,ENST00000531828,NM_001330580.2,,MODIFIER,,,,1;NRDC,non_coding_transcript_exon_variant,,ENST00000485608,,n.3051A>G,MODIFIER,,,,-1;NRDC,non_coding_transcript_exon_variant,,ENST00000464385,,n.379A>G,MODIFIER,,,,-1;OSBPL9,downstream_gene_variant,,ENST00000435274,,,MODIFIER,,,,1;OSBPL9,downstream_gene_variant,,ENST00000475697,,,MODIFIER,,,,1;OSBPL9,downstream_gene_variant,,ENST00000495776,,,MODIFIER,,,,1;OSBPL9,downstream_gene_variant,,ENST00000531819,,,MODIFIER,,,,1;AL050343.2,upstream_gene_variant,,ENST00000586761,,,MODIFIER,YES,,,1;AL050343.2,upstream_gene_variant,,ENST00000588291,,,MODIFIER,,,,1;AL050343.2,upstream_gene_variant,,ENST00000629102,,,MODIFIER,,,,1	C	ENSG00000078618	ENST00000354831	Transcript	missense_variant	missense_variant	3776/3895	3586/3660	1196/1219	I/V	Atc/Gtc	COSV100543894	NA	-1	NRDC	HGNC	HGNC:7995	protein_coding	YES	CCDS559.1	ENSP00000346890	O43847.173	NA	UPI0000458A53	O43847-2	NM_002525.2	NA	P3	NA	tolerated(0.49)	benign(0)	33/33	NA	Gene3D:3.30.830.10;PANTHER:PTHR43690;PANTHER:PTHR43690:SF14	NA	NA	NA	NA	NA	NA	NA	NA	NA	NA	NA	NA	NA	NA	NA	NA	NA	NA	NA	NA	NA	NA	NA	NA	NA	NA	NA	NA	NA	NA	NA	NA	NA	1	NA	NA	NA	NA	NA	NA	NA	MODERATE	1	SNV	1	NA	1	NA	GATGATACAAT	240b67c2-8920-4f4b-b140-46dc844fe8fa	ef69dfd6-0c41-4e3f-9a21-69d748957411	4996e458-db04-4c6d-9ae6-66316240a8ed	NA	NA	N	Unknown	NA	NA	NA	muse;mutect2;varscan2
TCHH	7062	WUGSC	GRCh38	chr1	152112439	152112439	+	Silent	SNP	A	A	G	NA	NA	TCGA-DX-A8BU-01A-11D-A37C-09	TCGA-DX-A8BU-10A-01D-A37F-09	NA	NA	NA	NA	NA	NA	NA	NA	Somatic	NA	NA	NA	NA	NA	NA	330b9068-ca47-4592-88e4-6c469c5cd907	6251e219-3da3-43e1-aba3-1ab654ae4151	c.778T>C	p.Leu260=	p.L260=	ENST00000368804	2/2	62	27	35	32	NA	NA	TCHH,synonymous_variant,p.L260=,ENST00000614923,NM_007113.3,c.778T>C,LOW,YES,,,-1;TCHH,synonymous_variant,p.L260=,ENST00000368804,,c.778T>C,LOW,,,,-1	G	ENSG00000159450	ENST00000368804	Transcript	synonymous_variant	synonymous_variant	778/6900	778/5832	260/1943	L	Ttg/Ctg	COSV100915335	NA	-1	TCHH	HGNC	HGNC:11791	protein_coding	NA	CCDS41396.1	ENSP00000357794	Q07283.169	NA	UPI0000458A5E	NA	NA	NA	P1	NA	NA	NA	2/2	NA	Coiled-coils_(Ncoils):Coil;PANTHER:PTHR34855;MobiDB_lite:mobidb-lite;Low_complexity_(Seg):seg	NA	NA	NA	NA	NA	NA	NA	NA	NA	NA	NA	NA	NA	NA	NA	NA	NA	NA	NA	NA	NA	NA	NA	NA	NA	NA	NA	NA	NA	NA	NA	NA	NA	1	NA	NA	NA	NA	NA	NA	NA	LOW	NA	SNV	5	NA	1	1	CTGCAACTTCT	240b67c2-8920-4f4b-b140-46dc844fe8fa	ef69dfd6-0c41-4e3f-9a21-69d748957411	4996e458-db04-4c6d-9ae6-66316240a8ed	NA	NA	N	Unknown	NA	NA	NA	muse;mutect2;varscan2
PYHIN1	149628	WUGSC	GRCh38	chr1	158937142	158937142	+	Missense_Mutation	SNP	C	C	A	NA	NA	TCGA-DX-A8BU-01A-11D-A37C-09	TCGA-DX-A8BU-10A-01D-A37F-09	NA	NA	NA	NA	NA	NA	NA	NA	Somatic	NA	NA	NA	NA	NA	NA	330b9068-ca47-4592-88e4-6c469c5cd907	6251e219-3da3-43e1-aba3-1ab654ae4151	c.232C>A	p.Leu78Ile	p.L78I	ENST00000368140	2/9	59	51	8	41	NA	NA	PYHIN1,missense_variant,p.L78I,ENST00000368140,NM_152501.5,c.232C>A,MODERATE,YES,tolerated(0.28),benign(0.377),1;PYHIN1,missense_variant,p.L78I,ENST00000368138,NM_198928.5,c.232C>A,MODERATE,,tolerated(0.37),benign(0.131),1;PYHIN1,missense_variant,p.L78I,ENST00000368135,,c.232C>A,MODERATE,,tolerated(0.24),benign(0.069),1;PYHIN1,missense_variant,p.L78I,ENST00000392254,NM_198929.5,c.232C>A,MODERATE,,tolerated(0.29),benign(0.259),1;PYHIN1,missense_variant,p.L78I,ENST00000392252,NM_198930.4,c.232C>A,MODERATE,,tolerated(0.28),benign(0.131),1;PYHIN1,missense_variant,p.L78I,ENST00000458222,,c.232C>A,MODERATE,,tolerated(0.26),benign(0.377),1;PYHIN1,upstream_gene_variant,,ENST00000485134,,,MODIFIER,,,,1	A	ENSG00000163564	ENST00000368140	Transcript	missense_variant	missense_variant	477/2088	232/1479	78/492	L/I	Ctt/Att	COSV100932391	NA	1	PYHIN1	HGNC	HGNC:28894	protein_coding	YES	CCDS1178.1	ENSP00000357122	Q6K0P9.126	NA	UPI0000225618	Q6K0P9-1	NM_152501.5	NM_152501.5	P4	NA	tolerated(0.28)	benign(0.377)	2/9	NA	Gene3D:1.10.533.10;Pfam:PF02758;PROSITE_profiles:PS50824;PANTHER:PTHR12200;PANTHER:PTHR12200:SF26;SMART:SM01289;CDD:cd08305	NA	NA	NA	NA	NA	NA	NA	NA	NA	NA	NA	NA	NA	NA	NA	NA	NA	NA	NA	NA	NA	NA	NA	NA	NA	NA	NA	NA	NA	NA	NA	NA	NA	1	NA	NA	NA	NA	NA	NA	NA	MODERATE	1	SNV	1	NA	1	NA	GAGACCTTGCT	240b67c2-8920-4f4b-b140-46dc844fe8fa	ef69dfd6-0c41-4e3f-9a21-69d748957411	4996e458-db04-4c6d-9ae6-66316240a8ed	NA	NA	N	Unknown	NA	NA	NA	muse;mutect2;varscan2
LCT	3938	WUGSC	GRCh38	chr2	135817821	135817821	+	Missense_Mutation	SNP	G	G	T	NA	NA	TCGA-DX-A8BU-01A-11D-A37C-09	TCGA-DX-A8BU-10A-01D-A37F-09	NA	NA	NA	NA	NA	NA	NA	NA	Somatic	NA	NA	NA	NA	NA	NA	330b9068-ca47-4592-88e4-6c469c5cd907	6251e219-3da3-43e1-aba3-1ab654ae4151	c.1227C>A	p.Ser409Arg	p.S409R	ENST00000264162	6/17	66	39	27	63	NA	NA	LCT,missense_variant,p.S409R,ENST00000264162,NM_002299.4,c.1227C>A,MODERATE,YES,deleterious(0),possibly_damaging(0.841),-1;LCT,upstream_gene_variant,,ENST00000452974,,,MODIFIER,,,,-1;LCT-AS1,upstream_gene_variant,,ENST00000437007,,,MODIFIER,YES,,,1	T	ENSG00000115850	ENST00000264162	Transcript	missense_variant	missense_variant	1242/6273	1227/5784	409/1927	S/R	agC/agA	COSV99930161	NA	-1	LCT	HGNC	HGNC:6530	protein_coding	YES	CCDS2178.1	ENSP00000264162	P09848.190	NA	UPI000013D4D2	NA	NM_002299.4	NM_002299.4	P1	NA	deleterious(0)	possibly_damaging(0.841)	6/17	NA	PANTHER:PTHR10353;PANTHER:PTHR10353:SF38;Gene3D:3.20.20.80;Pfam:PF00232;Superfamily:SSF51445	NA	NA	NA	NA	NA	NA	NA	NA	NA	NA	NA	NA	NA	NA	NA	NA	NA	NA	NA	NA	NA	NA	NA	NA	NA	NA	NA	NA	NA	NA	NA	NA	NA	1	NA	NA	NA	NA	NA	NA	NA	MODERATE	1	SNV	1	NA	1	1	CAGATGCTCAC	240b67c2-8920-4f4b-b140-46dc844fe8fa	ef69dfd6-0c41-4e3f-9a21-69d748957411	4996e458-db04-4c6d-9ae6-66316240a8ed	NA	NA	N	Unknown	NA	NA	NA	muse;mutect2;varscan2
KYNU	8942	WUGSC	GRCh38	chr2	143040442	143040442	+	Silent	SNP	G	G	A	rs576501053	NA	TCGA-DX-A8BU-01A-11D-A37C-09	TCGA-DX-A8BU-10A-01D-A37F-09	NA	NA	NA	NA	NA	NA	NA	NA	Somatic	NA	NA	NA	NA	NA	NA	330b9068-ca47-4592-88e4-6c469c5cd907	6251e219-3da3-43e1-aba3-1ab654ae4151	c.1056G>A	p.Ala352=	p.A352=	ENST00000264170	13/14	39	32	7	41	NA	NA	KYNU,synonymous_variant,p.A352=,ENST00000264170,NM_003937.3,c.1056G>A,LOW,YES,,,1;KYNU,synonymous_variant,p.A352=,ENST00000409512,NM_001199241.2,c.1056G>A,LOW,,,,1	A	ENSG00000115919	ENST00000264170	Transcript	synonymous_variant	synonymous_variant	1148/15151	1056/1398	352/465	A	gcG/gcA	rs576501053;COSV51587633	NA	1	KYNU	HGNC	HGNC:6469	protein_coding	YES	CCDS2183.1	ENSP00000264170	Q16719.179	NA	UPI000012E176	Q16719-1	NM_003937.3	NM_003937.3	P1	NA	NA	NA	13/14	NA	PDB-ENSP_mappings:2hzp.A;PDB-ENSP_mappings:3e9k.A;HAMAP:MF_01970;PANTHER:PTHR14084;PANTHER:PTHR14084:SF0;PIRSF:PIRSF038800;Pfam:PF00266;TIGRFAM:TIGR01814;Gene3D:3.90.1150.10;Gene3D:3.40.640.10;Superfamily:SSF53383	2e-04	0	0	0.001	0	0	NA	NA	1.596e-05	0	2.905e-05	0	0.0001088	0	8.832e-06	0	0	0.001	EAS	6.77139996696496e-06	0	0	0	0	0.000201938993996	0	0	0	0	0	NA	NA	NA	0;1	NA	NA	NA	NA	NA	NA	NA	LOW	1	SNV	1	NA	0;1	1	CAAGCGACAAT	240b67c2-8920-4f4b-b140-46dc844fe8fa	ef69dfd6-0c41-4e3f-9a21-69d748957411	4996e458-db04-4c6d-9ae6-66316240a8ed	NA	COSM1007105	N	Unknown	NA	NA	NA	muse;mutect2;varscan2
NEB	4703	WUGSC	GRCh38	chr2	151725519	151725519	+	Silent	SNP	T	T	G	NA	NA	TCGA-DX-A8BU-01A-11D-A37C-09	TCGA-DX-A8BU-10A-01D-A37F-09	NA	NA	NA	NA	NA	NA	NA	NA	Somatic	NA	NA	NA	NA	NA	NA	330b9068-ca47-4592-88e4-6c469c5cd907	6251e219-3da3-43e1-aba3-1ab654ae4151	c.336A>C	p.Pro112=	p.P112=	ENST00000172853	6/149	78	45	33	71	NA	NA	NEB,synonymous_variant,p.P112=,ENST00000618972,NM_001271208.2,c.336A>C,LOW,YES,,,-1;NEB,synonymous_variant,p.P112=,ENST00000397345,NM_001164508.1,c.336A>C,LOW,,,,-1;NEB,synonymous_variant,p.P112=,ENST00000427231,NM_001164507.1,c.336A>C,LOW,,,,-1;NEB,synonymous_variant,p.P112=,ENST00000603639,,c.336A>C,LOW,,,,-1;NEB,synonymous_variant,p.P112=,ENST00000604864,,c.336A>C,LOW,,,,-1;NEB,synonymous_variant,p.P112=,ENST00000409198,NM_004543.5,c.336A>C,LOW,,,,-1;NEB,synonymous_variant,p.P112=,ENST00000172853,,c.336A>C,LOW,,,,-1	G	ENSG00000183091	ENST00000172853	Transcript	synonymous_variant	synonymous_variant	539/20634	336/20010	112/6669	P	ccA/ccC	COSV51442093;COSV99426278	NA	-1	NEB	HGNC	HGNC:7720	protein_coding	NA	NA	ENSP00000172853	P20929.192	NA	UPI0000212787	P20929-1	NA	NA	NA	NA	NA	NA	6/149	NA	PROSITE_profiles:PS51216;PANTHER:PTHR11039:SF37;PANTHER:PTHR11039	NA	NA	NA	NA	NA	NA	NA	NA	NA	NA	NA	NA	NA	NA	NA	NA	NA	NA	NA	NA	NA	NA	NA	NA	NA	NA	NA	NA	NA	NA	NA	NA	NA	1;1	NA	NA	NA	NA	NA	NA	NA	LOW	NA	SNV	1	NA	1;1	1	GCGTATGGCTG	240b67c2-8920-4f4b-b140-46dc844fe8fa	ef69dfd6-0c41-4e3f-9a21-69d748957411	4996e458-db04-4c6d-9ae6-66316240a8ed	NA	NA	N	Unknown	NA	NA	NA	muse;mutect2;varscan2
DAPL1	92196	WUGSC	GRCh38	chr2	158795396	158795396	+	Silent	SNP	G	G	C	NA	NA	TCGA-DX-A8BU-01A-11D-A37C-09	TCGA-DX-A8BU-10A-01D-A37F-09	NA	NA	NA	NA	NA	NA	NA	NA	Somatic	NA	NA	NA	NA	NA	NA	330b9068-ca47-4592-88e4-6c469c5cd907	6251e219-3da3-43e1-aba3-1ab654ae4151	c.24G>C	p.Leu8=	p.L8=	ENST00000309950	1/4	53	43	10	48	NA	NA	DAPL1,synonymous_variant,p.L8=,ENST00000621326,,c.24G>C,LOW,,,,1;DAPL1,synonymous_variant,p.L8=,ENST00000309950,NM_001017920.3,c.24G>C,LOW,,,,1;DAPL1,synonymous_variant,p.L8=,ENST00000409042,,c.24G>C,LOW,,,,1	C	ENSG00000163331	ENST00000309950	Transcript	synonymous_variant	synonymous_variant	80/549	24/324	8/107	L	ctG/ctC	COSV100007394	NA	1	DAPL1	HGNC	HGNC:21490	protein_coding	NA	CCDS33307.1	ENSP00000309538	A0PJW8.83	M1E9T5.30	UPI000016001A	NA	NM_001017920.3	NM_001017920.3	P1	NA	NA	NA	1/4	NA	MobiDB_lite:mobidb-lite;PANTHER:PTHR13177:SF2;PANTHER:PTHR13177	NA	NA	NA	NA	NA	NA	NA	NA	NA	NA	NA	NA	NA	NA	NA	NA	NA	NA	NA	NA	NA	NA	NA	NA	NA	NA	NA	NA	NA	NA	NA	NA	NA	1	NA	NA	NA	NA	NA	NA	NA	LOW	1	SNV	1	NA	1	NA	GACCTGCTCTC	240b67c2-8920-4f4b-b140-46dc844fe8fa	ef69dfd6-0c41-4e3f-9a21-69d748957411	4996e458-db04-4c6d-9ae6-66316240a8ed	NA	NA	N	Unknown	NA	NA	NA	muse;mutect2;varscan2
SP140L	93349	WUGSC	GRCh38	chr2	230400965	230400965	+	Missense_Mutation	SNP	A	A	C	novel	NA	TCGA-DX-A8BU-01A-11D-A37C-09	TCGA-DX-A8BU-10A-01D-A37F-09	NA	NA	NA	NA	NA	NA	NA	NA	Somatic	NA	NA	NA	NA	NA	NA	330b9068-ca47-4592-88e4-6c469c5cd907	6251e219-3da3-43e1-aba3-1ab654ae4151	c.1324A>C	p.Asn442His	p.N442H	ENST00000415673	16/19	45	39	6	112	NA	NA	SP140L,missense_variant,p.N442H,ENST00000415673,NM_001352892.1&NM_001352893.1&NM_138402.6,c.1324A>C,MODERATE,YES,deleterious(0),benign(0.026),1;SP140L,missense_variant,p.N417H,ENST00000243810,NM_001308162.2,c.1249A>C,MODERATE,,deleterious(0),benign(0.051),1;SP140L,missense_variant,p.N382H,ENST00000396563,NM_001308163.2&NM_001352894.1,c.1144A>C,MODERATE,,deleterious(0),benign(0.031),1;SP140L,downstream_gene_variant,,ENST00000444636,,,MODIFIER,,,,1;SP140L,non_coding_transcript_exon_variant,,ENST00000483728,,n.1515A>C,MODIFIER,,,,1;SP140L,non_coding_transcript_exon_variant,,ENST00000496870,,n.533A>C,MODIFIER,,,,1;SP140L,downstream_gene_variant,,ENST00000466656,,,MODIFIER,,,,1;SP140L,upstream_gene_variant,,ENST00000497212,,,MODIFIER,,,,1	C	ENSG00000185404	ENST00000415673	Transcript	missense_variant	missense_variant	1401/2656	1324/1743	442/580	N/H	Aat/Cat	NA	NA	1	SP140L	HGNC	HGNC:25105	protein_coding	YES	CCDS46538.1	ENSP00000397911	Q9H930.146	NA	UPI000020974D	Q9H930-4	NM_001352892.1;NM_001352893.1;NM_138402.6	NM_138402.6	P3	NA	deleterious(0)	benign(0.026)	16/19	NA	Gene3D:1.20.920.10;Pfam:PF00628;PROSITE_patterns:PS01359;PROSITE_profiles:PS50016;PANTHER:PTHR46386;PANTHER:PTHR46386:SF6;SMART:SM00249;Superfamily:SSF57903;CDD:cd15626	NA	NA	NA	NA	NA	NA	NA	NA	NA	NA	NA	NA	NA	NA	NA	NA	NA	NA	NA	NA	NA	NA	NA	NA	NA	NA	NA	NA	NA	NA	NA	NA	NA	NA	NA	NA	NA	NA	NA	NA	NA	MODERATE	1	SNV	5	NA	NA	NA	CGTGGAATTGC	240b67c2-8920-4f4b-b140-46dc844fe8fa	ef69dfd6-0c41-4e3f-9a21-69d748957411	4996e458-db04-4c6d-9ae6-66316240a8ed	NA	NA	N	Unknown	NA	NA	NA	muse;mutect2
DLEC1	9940	WUGSC	GRCh38	chr3	38093605	38093605	+	Missense_Mutation	SNP	G	G	T	NA	NA	TCGA-DX-A8BU-01A-11D-A37C-09	TCGA-DX-A8BU-10A-01D-A37F-09	NA	NA	NA	NA	NA	NA	NA	NA	Somatic	NA	NA	NA	NA	NA	NA	330b9068-ca47-4592-88e4-6c469c5cd907	6251e219-3da3-43e1-aba3-1ab654ae4151	c.1757G>T	p.Gly586Val	p.G586V	ENST00000308059	12/37	57	44	13	52	NA	NA	DLEC1,missense_variant,p.G586V,ENST00000308059,NM_001321153.2&NM_007335.4,c.1757G>T,MODERATE,,deleterious(0),probably_damaging(1),1;DLEC1,missense_variant,p.G586V,ENST00000346219,NM_007337.3,c.1757G>T,MODERATE,YES,deleterious(0),probably_damaging(1),1;DLEC1,splice_region_variant,,ENST00000440294,,n.1778G>T,LOW,,,,1;DLEC1,splice_region_variant,,ENST00000447130,,c.*68G>T,LOW,,,,1	T	ENSG00000008226	ENST00000308059	Transcript	missense_variant	missense_variant;splice_region_variant	1775/6899	1757/5268	586/1755	G/V	gGa/gTa	COSV100343142	NA	1	DLEC1	HGNC	HGNC:2899	protein_coding	NA	CCDS2672.2	ENSP00000308597	Q9Y238.138	NA	UPI00006EB134	Q9Y238-1	NM_001321153.2;NM_007335.4	NM_007335.4	P4	NA	deleterious(0)	probably_damaging(1)	12/37	NA	Gene3D:2.60.40.10;PANTHER:PTHR46348	NA	NA	NA	NA	NA	NA	NA	NA	NA	NA	NA	NA	NA	NA	NA	NA	NA	NA	NA	NA	NA	NA	NA	NA	NA	NA	NA	NA	NA	NA	NA	NA	NA	1	NA	NA	NA	NA	NA	NA	NA	MODERATE	NA	SNV	1	NA	1	1	GGCAGGAATTG	240b67c2-8920-4f4b-b140-46dc844fe8fa	ef69dfd6-0c41-4e3f-9a21-69d748957411	4996e458-db04-4c6d-9ae6-66316240a8ed	NA	NA	N	Unknown	NA	NA	NA	muse;mutect2;varscan2
CCDC191	57577	WUGSC	GRCh38	chr3	114011018	114011018	+	Frame_Shift_Del	DEL	T	T	-	novel	NA	TCGA-DX-A8BU-01A-11D-A37C-09	TCGA-DX-A8BU-10A-01D-A37F-09	NA	NA	NA	NA	NA	NA	NA	NA	Somatic	NA	NA	NA	NA	NA	NA	330b9068-ca47-4592-88e4-6c469c5cd907	6251e219-3da3-43e1-aba3-1ab654ae4151	c.1167del	p.Lys389AsnfsTer30	p.K389Nfs*30	ENST00000295878	9/17	41	33	8	24	NA	NA	CCDC191,frameshift_variant,p.K389Nfs*30,ENST00000295878,NM_001353767.2&NM_001353766.3&NM_020817.2,c.1167del,HIGH,YES,,,-1;CCDC191,frameshift_variant,p.K376Nfs*30,ENST00000491000,,c.1128del,HIGH,,,,-1;QTRT2,intron_variant,,ENST00000472599,,c.21+4989del,MODIFIER,,,,1;CCDC191,3_prime_UTR_variant,,ENST00000460813,,c.*986del,MODIFIER,,,,-1;CCDC191,non_coding_transcript_exon_variant,,ENST00000481358,,n.1059del,MODIFIER,,,,-1;AC092896.1,intron_variant,,ENST00000647576,,n.804-1751del,MODIFIER,YES,,,1	-	ENSG00000163617	ENST00000295878	Transcript	frameshift_variant	frameshift_variant	1227/3889	1167/2811	389/936	K/X	aaA/aa	NA	NA	-1	CCDC191	HGNC	HGNC:29272	protein_coding	YES	CCDS2977.1	ENSP00000295878	Q8NCU4.112	NA	UPI00000732E9	Q8NCU4-1	NM_001353767.2;NM_001353766.3;NM_020817.2	NM_020817.2	P1	NA	NA	NA	9/17	NA	Coiled-coils_(Ncoils):Coil;PANTHER:PTHR22028;PANTHER:PTHR22028:SF5	NA	NA	NA	NA	NA	NA	NA	NA	NA	NA	NA	NA	NA	NA	NA	NA	NA	NA	NA	NA	NA	NA	NA	NA	NA	NA	NA	NA	NA	NA	NA	NA	NA	NA	NA	NA	NA	NA	NA	NA	NA	HIGH	1	deletion	1	NA	NA	NA	TTGTTGTTTTCT	240b67c2-8920-4f4b-b140-46dc844fe8fa	ef69dfd6-0c41-4e3f-9a21-69d748957411	4996e458-db04-4c6d-9ae6-66316240a8ed	NA	NA	N	Unknown	NA	NA	NA	mutect2;pindel;varscan2
MYLK	4638	WUGSC	GRCh38	chr3	123739003	123739003	+	Missense_Mutation	SNP	G	G	T	NA	NA	TCGA-DX-A8BU-01A-11D-A37C-09	TCGA-DX-A8BU-10A-01D-A37F-09	NA	NA	NA	NA	NA	NA	NA	NA	Somatic	NA	NA	NA	NA	NA	NA	330b9068-ca47-4592-88e4-6c469c5cd907	6251e219-3da3-43e1-aba3-1ab654ae4151	c.482C>A	p.Pro161Gln	p.P161Q	ENST00000360304	7/34	84	57	26	58	NA	NA	MYLK,missense_variant,p.P161Q,ENST00000360304,NM_001321309.2&NM_053025.4,c.482C>A,MODERATE,YES,deleterious(0),probably_damaging(0.996),-1;MYLK,missense_variant,p.P161Q,ENST00000360772,NM_053028.4&NM_053027.4,c.482C>A,MODERATE,,deleterious(0),probably_damaging(0.992),-1;MYLK,missense_variant,p.P161Q,ENST00000346322,NM_053026.4,c.482C>A,MODERATE,,deleterious(0),probably_damaging(0.999),-1;MYLK,3_prime_UTR_variant,,ENST00000464489,,c.*61C>A,MODIFIER,,,,-1;MYLK,non_coding_transcript_exon_variant,,ENST00000506361,,n.841C>A,MODIFIER,,,,-1;MYLK,non_coding_transcript_exon_variant,,ENST00000510571,,n.528C>A,MODIFIER,,,,-1;MYLK,upstream_gene_variant,,ENST00000514623,,,MODIFIER,,,,-1	T	ENSG00000065534	ENST00000360304	Transcript	missense_variant	missense_variant	794/10113	482/5745	161/1914	P/Q	cCa/cAa	COSV100659432	NA	-1	MYLK	HGNC	HGNC:7590	protein_coding	YES	CCDS46896.1	ENSP00000353452	Q15746.214	NA	UPI000020A0AE	Q15746-1	NM_001321309.2;NM_053025.4	NM_053025.4	P1	NA	deleterious(0)	probably_damaging(0.996)	7/34	NA	Gene3D:2.60.40.10;Pfam:PF07679;PROSITE_profiles:PS50835;PANTHER:PTHR47633;PANTHER:PTHR47633:SF1;Superfamily:SSF48726	NA	NA	NA	NA	NA	NA	NA	NA	NA	NA	NA	NA	NA	NA	NA	NA	NA	NA	NA	NA	NA	NA	NA	NA	NA	NA	NA	NA	NA	NA	NA	NA	NA	1	NA	NA	NA	NA	NA	NA	NA	MODERATE	1	SNV	5	NA	1	1	ACTTTGGTGGG	240b67c2-8920-4f4b-b140-46dc844fe8fa	ef69dfd6-0c41-4e3f-9a21-69d748957411	4996e458-db04-4c6d-9ae6-66316240a8ed	NA	NA	N	Unknown	NA	NA	NA	muse;mutect2;varscan2
MYLK	4638	WUGSC	GRCh38	chr3	123739004	123739004	+	Missense_Mutation	SNP	G	G	T	rs745692872	NA	TCGA-DX-A8BU-01A-11D-A37C-09	TCGA-DX-A8BU-10A-01D-A37F-09	NA	NA	NA	NA	NA	NA	NA	NA	Somatic	NA	NA	NA	NA	NA	NA	330b9068-ca47-4592-88e4-6c469c5cd907	6251e219-3da3-43e1-aba3-1ab654ae4151	c.481C>A	p.Pro161Thr	p.P161T	ENST00000360304	7/34	84	59	25	56	NA	NA	MYLK,missense_variant,p.P161T,ENST00000360304,NM_001321309.2&NM_053025.4,c.481C>A,MODERATE,YES,deleterious(0),probably_damaging(0.993),-1;MYLK,missense_variant,p.P161T,ENST00000360772,NM_053028.4&NM_053027.4,c.481C>A,MODERATE,,deleterious(0),probably_damaging(0.988),-1;MYLK,missense_variant,p.P161T,ENST00000346322,NM_053026.4,c.481C>A,MODERATE,,deleterious(0),probably_damaging(0.998),-1;MYLK,3_prime_UTR_variant,,ENST00000464489,,c.*60C>A,MODIFIER,,,,-1;MYLK,non_coding_transcript_exon_variant,,ENST00000506361,,n.840C>A,MODIFIER,,,,-1;MYLK,non_coding_transcript_exon_variant,,ENST00000510571,,n.527C>A,MODIFIER,,,,-1;MYLK,upstream_gene_variant,,ENST00000514623,,,MODIFIER,,,,-1	T	ENSG00000065534	ENST00000360304	Transcript	missense_variant	missense_variant	793/10113	481/5745	161/1914	P/T	Cca/Aca	rs745692872;COSV100659434;COSV60604248	NA	-1	MYLK	HGNC	HGNC:7590	protein_coding	YES	CCDS46896.1	ENSP00000353452	Q15746.214	NA	UPI000020A0AE	Q15746-1	NM_001321309.2;NM_053025.4	NM_053025.4	P1	NA	deleterious(0)	probably_damaging(0.993)	7/34	NA	Gene3D:2.60.40.10;Pfam:PF07679;PROSITE_profiles:PS50835;PANTHER:PTHR47633;PANTHER:PTHR47633:SF1;Superfamily:SSF48726	NA	NA	NA	NA	NA	NA	NA	NA	3.987e-06	0	0	0	0	0	8.811e-06	0	0	8.811e-06	gnomAD_NFE	NA	NA	NA	NA	NA	NA	NA	NA	NA	NA	NA	NA	NA	NA	0;1;1	NA	NA	NA	NA	NA	NA	NA	MODERATE	1	SNV	5	NA	0;1;1	1	CTTTGGTGGGC	240b67c2-8920-4f4b-b140-46dc844fe8fa	ef69dfd6-0c41-4e3f-9a21-69d748957411	4996e458-db04-4c6d-9ae6-66316240a8ed	NA	NA	N	Unknown	NA	NA	NA	muse;mutect2;varscan2
CLSTN2	64084	WUGSC	GRCh38	chr3	140562871	140562871	+	Missense_Mutation	SNP	G	G	A	rs1489606900	NA	TCGA-DX-A8BU-01A-11D-A37C-09	TCGA-DX-A8BU-10A-01D-A37F-09	NA	NA	NA	NA	NA	NA	NA	NA	Somatic	NA	NA	NA	NA	NA	NA	330b9068-ca47-4592-88e4-6c469c5cd907	6251e219-3da3-43e1-aba3-1ab654ae4151	c.2273G>A	p.Arg758His	p.R758H	ENST00000458420	14/17	55	44	10	45	NA	NA	CLSTN2,missense_variant,p.R758H,ENST00000458420,NM_022131.3,c.2273G>A,MODERATE,YES,tolerated(1),benign(0),1	A	ENSG00000158258	ENST00000458420	Transcript	missense_variant	missense_variant	2463/14202	2273/2868	758/955	R/H	cGt/cAt	rs1489606900;COSV71720184;COSV71723684	NA	1	CLSTN2	HGNC	HGNC:17448	protein_coding	YES	CCDS3112.1	ENSP00000402460	Q9H4D0.161	NA	UPI00001B0051	NA	NM_022131.3	NM_022131.3	P1	NA	tolerated(1)	benign(0)	14/17	NA	PANTHER:PTHR14139;PANTHER:PTHR14139:SF3	NA	NA	NA	NA	NA	NA	NA	NA	1.195e-05	6.153e-05	2.891e-05	0	0	0	8.812e-06	0	0	6.153e-05	gnomAD_AFR	2.0283199773985e-05	0	0	6.62426973576657e-05	0	0	0	0	3.08622984448448e-05	0	0	3.08622984448448e-05	nfe	NA	0;1;1	NA	NA	NA	NA	NA	NA	NA	MODERATE	1	SNV	1	NA	0;1;1	NA	CTGGCGTCCGG	240b67c2-8920-4f4b-b140-46dc844fe8fa	ef69dfd6-0c41-4e3f-9a21-69d748957411	4996e458-db04-4c6d-9ae6-66316240a8ed	NA	COSM4979256	N	Unknown	NA	NA	NA	muse;mutect2;varscan2
SLIT2	9353	WUGSC	GRCh38	chr4	20618854	20618854	+	Missense_Mutation	SNP	C	C	G	NA	NA	TCGA-DX-A8BU-01A-11D-A37C-09	TCGA-DX-A8BU-10A-01D-A37F-09	NA	NA	NA	NA	NA	NA	NA	NA	Somatic	NA	NA	NA	NA	NA	NA	330b9068-ca47-4592-88e4-6c469c5cd907	6251e219-3da3-43e1-aba3-1ab654ae4151	c.4435C>G	p.Arg1479Gly	p.R1479G	ENST00000504154	37/37	77	62	15	59	NA	NA	SLIT2,missense_variant,p.R1479G,ENST00000504154,NM_004787.4,c.4435C>G,MODERATE,,tolerated(0.33),benign(0.16),1;SLIT2,missense_variant,p.R1389G,ENST00000622093,,c.4165C>G,MODERATE,,tolerated(0.32),possibly_damaging(0.675),1;SLIT2,missense_variant,p.R1471G,ENST00000503823,NM_001289136.3,c.4411C>G,MODERATE,,tolerated(0.32),benign(0.365),1;SLIT2,missense_variant,p.R1492G,ENST00000273739,,c.4474C>G,MODERATE,YES,tolerated(0.33),probably_damaging(0.999),1;SLIT2,missense_variant,p.R1475G,ENST00000503837,NM_001289135.3,c.4423C>G,MODERATE,,tolerated(0.33),possibly_damaging(0.675),1;SLIT2,intron_variant,,ENST00000512993,,c.237-1550C>G,MODIFIER,,,,1;SLIT2,non_coding_transcript_exon_variant,,ENST00000508541,,n.2635C>G,MODIFIER,,,,1	G	ENSG00000145147	ENST00000504154	Transcript	missense_variant	missense_variant	6346/8053	4435/4590	1479/1529	R/G	Cga/Gga	COSV99886242	NA	1	SLIT2	HGNC	HGNC:11086	protein_coding	NA	CCDS3426.1	ENSP00000422591	O94813.199	NA	UPI00000747E4	NA	NM_004787.4	NM_004787.4	A2	NA	tolerated(0.33)	benign(0.16)	37/37	NA	PROSITE_profiles:PS01225;PANTHER:PTHR45836;PANTHER:PTHR45836:SF2;SMART:SM00041	NA	NA	NA	NA	NA	NA	NA	NA	NA	NA	NA	NA	NA	NA	NA	NA	NA	NA	NA	NA	NA	NA	NA	NA	NA	NA	NA	NA	NA	NA	NA	NA	NA	1	NA	NA	NA	NA	NA	NA	NA	MODERATE	NA	SNV	1	NA	1	NA	TGTCCCGATTA	240b67c2-8920-4f4b-b140-46dc844fe8fa	ef69dfd6-0c41-4e3f-9a21-69d748957411	4996e458-db04-4c6d-9ae6-66316240a8ed	NA	NA	N	Unknown	NA	NA	NA	muse;mutect2;varscan2
SEL1L3	23231	WUGSC	GRCh38	chr4	25782306	25782306	+	Missense_Mutation	SNP	G	G	A	rs762938975	NA	TCGA-DX-A8BU-01A-11D-A37C-09	TCGA-DX-A8BU-10A-01D-A37F-09	NA	NA	NA	NA	NA	NA	NA	NA	Somatic	NA	NA	NA	NA	NA	NA	330b9068-ca47-4592-88e4-6c469c5cd907	6251e219-3da3-43e1-aba3-1ab654ae4151	c.2393C>T	p.Ala798Val	p.A798V	ENST00000399878	15/24	68	50	18	59	NA	NA	SEL1L3,missense_variant,p.A798V,ENST00000399878,NM_015187.5,c.2393C>T,MODERATE,YES,deleterious(0),probably_damaging(0.996),-1;SEL1L3,missense_variant,p.A763V,ENST00000264868,NM_001297592.2,c.2288C>T,MODERATE,,deleterious(0),probably_damaging(0.966),-1;SEL1L3,missense_variant,p.A645V,ENST00000502949,NM_001297594.2,c.1934C>T,MODERATE,,deleterious(0),probably_damaging(0.996),-1;SEL1L3,upstream_gene_variant,,ENST00000514321,,,MODIFIER,,,,-1	A	ENSG00000091490	ENST00000399878	Transcript	missense_variant	missense_variant	2545/4543	2393/3399	798/1132	A/V	gCg/gTg	rs762938975;COSV53548589	NA	-1	SEL1L3	HGNC	HGNC:29108	protein_coding	YES	CCDS47037.1	ENSP00000382767	Q68CR1.121	NA	UPI00001D7736	Q68CR1-1	NM_015187.5	NM_015187.5	P4	NA	deleterious(0)	probably_damaging(0.996)	15/24	NA	Gene3D:1.25.40.10;Pfam:PF08238;PANTHER:PTHR44444;PANTHER:PTHR44444:SF1;SMART:SM00671;Superfamily:SSF81901	NA	NA	NA	NA	NA	NA	NA	NA	4.014e-06	0	0	0	0	0	8.858e-06	0	0	8.858e-06	gnomAD_NFE	1.35210002554231e-05	2.43249996856321e-05	0	0	0	0	0	0	1.54301997099537e-05	0	0	NA	NA	NA	0;1	NA	NA	NA	NA	NA	NA	NA	MODERATE	1	SNV	1	NA	0;1	NA	ATGACGCATCT	240b67c2-8920-4f4b-b140-46dc844fe8fa	ef69dfd6-0c41-4e3f-9a21-69d748957411	4996e458-db04-4c6d-9ae6-66316240a8ed	NA	COSM1054685;COSM1054686;COSM4866200	N	Unknown	NA	NA	NA	muse;mutect2;varscan2
ADAMTS3	9508	WUGSC	GRCh38	chr4	72548714	72548714	+	Missense_Mutation	SNP	C	C	A	NA	NA	TCGA-DX-A8BU-01A-11D-A37C-09	TCGA-DX-A8BU-10A-01D-A37F-09	NA	NA	NA	NA	NA	NA	NA	NA	Somatic	NA	NA	NA	NA	NA	NA	330b9068-ca47-4592-88e4-6c469c5cd907	6251e219-3da3-43e1-aba3-1ab654ae4151	c.268G>T	p.Asp90Tyr	p.D90Y	ENST00000286657	3/22	40	28	12	46	NA	NA	ADAMTS3,missense_variant,p.D90Y,ENST00000286657,NM_014243.3,c.268G>T,MODERATE,YES,deleterious(0),possibly_damaging(0.761),-1;ADAMTS3,missense_variant,p.D90Y,ENST00000622135,,c.268G>T,MODERATE,,deleterious(0),possibly_damaging(0.761),-1;ADAMTS3,non_coding_transcript_exon_variant,,ENST00000505193,,n.225G>T,MODIFIER,,,,-1	A	ENSG00000156140	ENST00000286657	Transcript	missense_variant	missense_variant	727/6244	268/3618	90/1205	D/Y	Gat/Tat	COSV99711788	NA	-1	ADAMTS3	HGNC	HGNC:219	protein_coding	YES	CCDS3553.1	ENSP00000286657	O15072.188	NA	UPI00001AEAEA	NA	NM_014243.3	NM_014243.3	P1	NA	deleterious(0)	possibly_damaging(0.761)	3/22	NA	PANTHER:PTHR13723;PANTHER:PTHR13723:SF158;Pfam:PF01562	NA	NA	NA	NA	NA	NA	NA	NA	NA	NA	NA	NA	NA	NA	NA	NA	NA	NA	NA	NA	NA	NA	NA	NA	NA	NA	NA	NA	NA	NA	NA	NA	NA	1	NA	NA	NA	NA	NA	NA	NA	MODERATE	1	SNV	1	NA	1	1	AAAATCTTTTC	240b67c2-8920-4f4b-b140-46dc844fe8fa	ef69dfd6-0c41-4e3f-9a21-69d748957411	4996e458-db04-4c6d-9ae6-66316240a8ed	NA	NA	N	Unknown	NA	NA	NA	muse;mutect2;varscan2
MMRN1	22915	WUGSC	GRCh38	chr4	89936583	89936583	+	Missense_Mutation	SNP	A	A	T	NA	NA	TCGA-DX-A8BU-01A-11D-A37C-09	TCGA-DX-A8BU-10A-01D-A37F-09	NA	NA	NA	NA	NA	NA	NA	NA	Somatic	NA	NA	NA	NA	NA	NA	330b9068-ca47-4592-88e4-6c469c5cd907	6251e219-3da3-43e1-aba3-1ab654ae4151	c.2903A>T	p.Glu968Val	p.E968V	ENST00000264790	6/8	61	25	36	40	NA	NA	MMRN1,missense_variant,p.E968V,ENST00000394980,NM_001371403.1,c.2903A>T,MODERATE,YES,deleterious(0),possibly_damaging(0.77),1;MMRN1,missense_variant,p.E968V,ENST00000264790,NM_007351.3,c.2903A>T,MODERATE,,deleterious(0),possibly_damaging(0.77),1;MMRN1,missense_variant,p.E710V,ENST00000508372,,c.2129A>T,MODERATE,,deleterious(0),possibly_damaging(0.77),1	T	ENSG00000138722	ENST00000264790	Transcript	missense_variant	missense_variant	3021/5001	2903/3687	968/1228	E/V	gAa/gTa	COSV99307549	NA	1	MMRN1	HGNC	HGNC:7178	protein_coding	NA	CCDS3635.1	ENSP00000264790	Q13201.178	NA	UPI000013D570	Q13201-1	NM_007351.3	NM_007351.3	P1	NA	deleterious(0)	possibly_damaging(0.77)	6/8	NA	PANTHER:PTHR15427:SF3;PANTHER:PTHR15427	NA	NA	NA	NA	NA	NA	NA	NA	NA	NA	NA	NA	NA	NA	NA	NA	NA	NA	NA	NA	NA	NA	NA	NA	NA	NA	NA	NA	NA	NA	NA	NA	NA	1	NA	NA	NA	NA	NA	NA	NA	MODERATE	NA	SNV	1	NA	1	NA	TGTGGAACCAA	240b67c2-8920-4f4b-b140-46dc844fe8fa	ef69dfd6-0c41-4e3f-9a21-69d748957411	4996e458-db04-4c6d-9ae6-66316240a8ed	NA	NA	N	Unknown	NA	NA	NA	muse;mutect2;varscan2
NFKB1	4790	WUGSC	GRCh38	chr4	102578933	102578933	+	Missense_Mutation	SNP	G	G	A	NA	NA	TCGA-DX-A8BU-01A-11D-A37C-09	TCGA-DX-A8BU-10A-01D-A37F-09	NA	NA	NA	NA	NA	NA	NA	NA	Somatic	NA	NA	NA	NA	NA	NA	330b9068-ca47-4592-88e4-6c469c5cd907	6251e219-3da3-43e1-aba3-1ab654ae4151	c.621G>A	p.Met207Ile	p.M207I	ENST00000394820	8/24	62	41	20	48	NA	NA	NFKB1,start_lost,p.M1?,ENST00000508584,,c.3G>A,HIGH,,tolerated(0.41),benign(0.087),1;NFKB1,missense_variant,p.M208I,ENST00000226574,NM_001382626.1&NM_003998.4&NM_001382625.1,c.624G>A,MODERATE,YES,tolerated(0.21),benign(0.045),1;NFKB1,missense_variant,p.M27I,ENST00000600343,,c.81G>A,MODERATE,,tolerated(0.2),benign(0.087),1;NFKB1,missense_variant,p.M207I,ENST00000505458,NM_001319226.2,c.621G>A,MODERATE,,tolerated(0.21),benign(0.087),1;NFKB1,missense_variant,p.M207I,ENST00000394820,NM_001382627.1&NM_001165412.2&NM_001382628.1,c.621G>A,MODERATE,,tolerated(0.21),benign(0.087),1;NFKB1,downstream_gene_variant,,ENST00000507079,,,MODIFIER,,,,1;NFKB1,downstream_gene_variant,,ENST00000509165,,,MODIFIER,,,,1;NFKB1,non_coding_transcript_exon_variant,,ENST00000510638,,n.468G>A,MODIFIER,,,,1;NFKB1,non_coding_transcript_exon_variant,,ENST00000513803,,n.507G>A,MODIFIER,,,,1;NFKB1,missense_variant,p.M215I,ENST00000652619,,c.645G>A,MODERATE,,tolerated(0.2),benign(0.065),1;NFKB1,missense_variant,p.M180I,ENST00000652569,,c.540G>A,MODERATE,,tolerated(0.23),benign(0.099),1	A	ENSG00000109320	ENST00000394820	Transcript	missense_variant	missense_variant	1086/3693	621/2907	207/968	M/I	atG/atA	COSV99897700	NA	1	NFKB1	HGNC	HGNC:7794	protein_coding	NA	CCDS54783.1	ENSP00000378297	P19838.249	NA	UPI000000D917	P19838-1	NM_001382627.1;NM_001165412.2;NM_001382628.1	NA	A2	NA	tolerated(0.21)	benign(0.087)	8/24	NA	PDB-ENSP_mappings:1svc.P;Gene3D:2.60.40.340;PDB-ENSP_mappings:2o61.B;PDB-ENSP_mappings:3gut.B;PDB-ENSP_mappings:3gut.D;PDB-ENSP_mappings:3gut.F;PDB-ENSP_mappings:3gut.H;Pfam:PF00554;PROSITE_profiles:PS50254;PANTHER:PTHR24169;PANTHER:PTHR24169:SF9;Superfamily:SSF49417;CDD:cd07935	NA	NA	NA	NA	NA	NA	NA	NA	NA	NA	NA	NA	NA	NA	NA	NA	NA	NA	NA	NA	NA	NA	NA	NA	NA	NA	NA	NA	NA	NA	NA	NA	NA	1	NA	NA	NA	NA	NA	NA	NA	MODERATE	NA	SNV	1	NA	1	1	GAGATGGACCT	240b67c2-8920-4f4b-b140-46dc844fe8fa	ef69dfd6-0c41-4e3f-9a21-69d748957411	4996e458-db04-4c6d-9ae6-66316240a8ed	NA	NA	N	Unknown	NA	NA	NA	muse;mutect2;varscan2
TMEM131L	23240	WUGSC	GRCh38	chr4	153626201	153626201	+	Missense_Mutation	SNP	T	T	C	NA	NA	TCGA-DX-A8BU-01A-11D-A37C-09	TCGA-DX-A8BU-10A-01D-A37F-09	NA	NA	NA	NA	NA	NA	NA	NA	Somatic	NA	NA	NA	NA	NA	NA	330b9068-ca47-4592-88e4-6c469c5cd907	6251e219-3da3-43e1-aba3-1ab654ae4151	c.4097T>C	p.Leu1366Pro	p.L1366P	ENST00000409663	30/35	51	26	25	53	NA	NA	TMEM131L,missense_variant,p.L1366P,ENST00000409663,NM_015196.3,c.4097T>C,MODERATE,,deleterious(0),probably_damaging(0.998),1;TMEM131L,missense_variant,p.L1367P,ENST00000409959,NM_001131007.2,c.4100T>C,MODERATE,YES,deleterious(0),probably_damaging(0.999),1;TMEM131L,missense_variant,p.L1144P,ENST00000240487,,c.3431T>C,MODERATE,,deleterious(0),probably_damaging(0.999),1	C	ENSG00000121210	ENST00000409663	Transcript	missense_variant	missense_variant	4149/5017	4097/4830	1366/1609	L/P	cTt/cCt	COSV99547952	NA	1	TMEM131L	HGNC	HGNC:29146	protein_coding	NA	CCDS3783.2	ENSP00000386574	A2VDJ0.107	NA	UPI000170BA66	A2VDJ0-1	NM_015196.3	NA	A2	NA	deleterious(0)	probably_damaging(0.998)	30/35	NA	PANTHER:PTHR22050;PANTHER:PTHR22050:SF2	NA	NA	NA	NA	NA	NA	NA	NA	NA	NA	NA	NA	NA	NA	NA	NA	NA	NA	NA	NA	NA	NA	NA	NA	NA	NA	NA	NA	NA	NA	NA	NA	NA	1	NA	NA	NA	NA	NA	NA	NA	MODERATE	NA	SNV	5	NA	1	NA	GAATCTTTCTC	240b67c2-8920-4f4b-b140-46dc844fe8fa	ef69dfd6-0c41-4e3f-9a21-69d748957411	4996e458-db04-4c6d-9ae6-66316240a8ed	NA	NA	N	Unknown	NA	NA	NA	muse;mutect2;varscan2
FAM169A	26049	WUGSC	GRCh38	chr5	74804510	74804510	+	Missense_Mutation	SNP	T	T	A	NA	NA	TCGA-DX-A8BU-01A-11D-A37C-09	TCGA-DX-A8BU-10A-01D-A37F-09	NA	NA	NA	NA	NA	NA	NA	NA	Somatic	NA	NA	NA	NA	NA	NA	330b9068-ca47-4592-88e4-6c469c5cd907	6251e219-3da3-43e1-aba3-1ab654ae4151	c.895A>T	p.Ser299Cys	p.S299C	ENST00000389156	8/13	38	33	5	42	NA	NA	FAM169A,missense_variant,p.S299C,ENST00000389156,NM_015566.3&NM_001376054.1&NM_001376053.1&NM_001376049.1&NM_001376052.1&NM_001376051.1&NM_001376050.1,c.895A>T,MODERATE,YES,deleterious(0.05),possibly_damaging(0.724),-1;FAM169A,missense_variant,p.S239C,ENST00000510496,,c.715A>T,MODERATE,,deleterious(0.04),possibly_damaging(0.634),-1;FAM169A,3_prime_UTR_variant,,ENST00000514215,,c.*339A>T,MODIFIER,,,,-1;FAM169A,3_prime_UTR_variant,,ENST00000510609,,c.*339A>T,MODIFIER,,,,-1;AC093214.1,downstream_gene_variant,,ENST00000511688,,,MODIFIER,YES,,,1	A	ENSG00000198780	ENST00000389156	Transcript	missense_variant	missense_variant	1114/6118	895/2013	299/670	S/C	Agt/Tgt	COSV100998392;COSV65846673	NA	-1	FAM169A	HGNC	HGNC:29138	protein_coding	YES	CCDS43330.1	ENSP00000373808	Q9Y6X4.123	NA	UPI000013E38E	Q9Y6X4-1	NM_015566.3;NM_001376054.1;NM_001376053.1;NM_001376049.1;NM_001376052.1;NM_001376051.1;NM_001376050.1	NA	P1	NA	deleterious(0.05)	possibly_damaging(0.724)	8/13	NA	PANTHER:PTHR22442;PANTHER:PTHR22442:SF3	NA	NA	NA	NA	NA	NA	NA	NA	NA	NA	NA	NA	NA	NA	NA	NA	NA	NA	NA	NA	NA	NA	NA	NA	NA	NA	NA	NA	NA	NA	NA	NA	NA	1;1	NA	NA	NA	NA	NA	NA	NA	MODERATE	1	SNV	1	NA	1;1	NA	CTCACTAGACT	240b67c2-8920-4f4b-b140-46dc844fe8fa	ef69dfd6-0c41-4e3f-9a21-69d748957411	4996e458-db04-4c6d-9ae6-66316240a8ed	NA	NA	N	Unknown	NA	NA	NA	muse;mutect2;varscan2
FBN2	2201	WUGSC	GRCh38	chr5	128345425	128345425	+	Missense_Mutation	SNP	G	G	A	rs150506063	NA	TCGA-DX-A8BU-01A-11D-A37C-09	TCGA-DX-A8BU-10A-01D-A37F-09	NA	NA	NA	NA	NA	NA	NA	NA	Somatic	NA	NA	NA	NA	NA	NA	330b9068-ca47-4592-88e4-6c469c5cd907	6251e219-3da3-43e1-aba3-1ab654ae4151	c.3149C>T	p.Thr1050Met	p.T1050M	ENST00000262464	24/65	62	34	28	60	NA	NA	FBN2,missense_variant,p.T1050M,ENST00000508053,,c.3149C>T,MODERATE,YES,deleterious(0.05),benign(0.127),-1;FBN2,missense_variant,p.T1050M,ENST00000262464,NM_001999.4,c.3149C>T,MODERATE,,deleterious(0.05),benign(0.127),-1;FBN2,missense_variant,p.T1017M,ENST00000508989,,c.3050C>T,MODERATE,,deleterious(0.03),possibly_damaging(0.778),-1	A	ENSG00000138829	ENST00000262464	Transcript	missense_variant	missense_variant	3791/10927	3149/8739	1050/2912	T/M	aCg/aTg	rs150506063	NA	-1	FBN2	HGNC	HGNC:3604	protein_coding	NA	CCDS34222.1	ENSP00000262464	P35556.209	NA	UPI0000519468	P35556-1	NM_001999.4	NM_001999.4	P1	NA	deleterious(0.05)	benign(0.127)	24/65	NA	Gene3D:3.90.290.10;Pfam:PF00683;PIRSF:PIRSF036312;PROSITE_profiles:PS51364;PANTHER:PTHR24039;PANTHER:PTHR24039:SF26;Superfamily:SSF57581	2e-04	8e-04	0	0	0	0	0.0004539	0	3.579e-05	0.0001846	0	0	5.438e-05	0	4.396e-05	0	0	8e-04	AFR	4.73491018055938e-05	0.00014600700524169	0	0	0	0	0	0	1.54359004227445e-05	0	0	0.00014600700524169	afr	uncertain_significance	NA	NA	NA	NA	NA	NA	NA	NA	MODERATE	NA	SNV	1	NA	1	1	ACAGCGTCTCG	240b67c2-8920-4f4b-b140-46dc844fe8fa	ef69dfd6-0c41-4e3f-9a21-69d748957411	4996e458-db04-4c6d-9ae6-66316240a8ed	NA	COSM3849864;COSM50535	N	Unknown	NA	NA	NA	muse;mutect2;varscan2
KLHL3	26249	WUGSC	GRCh38	chr5	137709776	137709776	+	Missense_Mutation	SNP	C	C	T	NA	NA	TCGA-DX-A8BU-01A-11D-A37C-09	TCGA-DX-A8BU-10A-01D-A37F-09	NA	NA	NA	NA	NA	NA	NA	NA	Somatic	NA	NA	NA	NA	NA	NA	330b9068-ca47-4592-88e4-6c469c5cd907	6251e219-3da3-43e1-aba3-1ab654ae4151	c.215G>A	p.Ser72Asn	p.S72N	ENST00000309755	3/15	43	21	22	39	NA	NA	KLHL3,missense_variant,p.S40N,ENST00000508657,NM_001257194.1,c.119G>A,MODERATE,,deleterious(0),probably_damaging(0.999),-1;KLHL3,missense_variant,p.S72N,ENST00000309755,NM_017415.3,c.215G>A,MODERATE,YES,deleterious(0),probably_damaging(0.999),-1;KLHL3,missense_variant,p.S32N,ENST00000505853,,c.95G>A,MODERATE,,deleterious(0),probably_damaging(0.999),-1;KLHL3,upstream_gene_variant,,ENST00000506491,NM_001257195.1,,MODIFIER,,,,-1;KLHL3,non_coding_transcript_exon_variant,,ENST00000512977,,n.352G>A,MODIFIER,,,,-1;KLHL3,upstream_gene_variant,,ENST00000515334,,,MODIFIER,,,,-1;KLHL3,upstream_gene_variant,,ENST00000504208,,,MODIFIER,,,,-1	T	ENSG00000146021	ENST00000309755	Transcript	missense_variant	missense_variant	658/6805	215/1764	72/587	S/N	aGc/aAc	COSV100553448	NA	-1	KLHL3	HGNC	HGNC:6354	protein_coding	YES	CCDS4192.1	ENSP00000312397	Q9UH77.170	NA	UPI000012DE05	Q9UH77-1	NM_017415.3	NM_017415.3	P1	NA	deleterious(0)	probably_damaging(0.999)	3/15	NA	PDB-ENSP_mappings:4hxi.A;PROSITE_profiles:PS50097;CDD:cd18339;PANTHER:PTHR24412;PANTHER:PTHR24412:SF179;PIRSF:PIRSF037037;Pfam:PF00651;Gene3D:3.30.710.10;SMART:SM00225;Superfamily:SSF54695	NA	NA	NA	NA	NA	NA	NA	NA	NA	NA	NA	NA	NA	NA	NA	NA	NA	NA	NA	NA	NA	NA	NA	NA	NA	NA	NA	NA	NA	NA	NA	NA	NA	1	NA	NA	NA	NA	NA	NA	NA	MODERATE	1	SNV	1	NA	1	1	AGGGGCTGCAG	240b67c2-8920-4f4b-b140-46dc844fe8fa	ef69dfd6-0c41-4e3f-9a21-69d748957411	4996e458-db04-4c6d-9ae6-66316240a8ed	NA	NA	N	Unknown	NA	NA	NA	muse;mutect2;varscan2
PCDHA5	56143	WUGSC	GRCh38	chr5	140823161	140823161	+	Silent	SNP	C	C	T	NA	NA	TCGA-DX-A8BU-01A-11D-A37C-09	TCGA-DX-A8BU-10A-01D-A37F-09	NA	NA	NA	NA	NA	NA	NA	NA	Somatic	NA	NA	NA	NA	NA	NA	330b9068-ca47-4592-88e4-6c469c5cd907	6251e219-3da3-43e1-aba3-1ab654ae4151	c.1386C>T	p.Phe462=	p.F462=	ENST00000529859	1/4	163	69	94	117	NA	NA	PCDHA5,synonymous_variant,p.F462=,ENST00000529859,NM_018908.3,c.1386C>T,LOW,YES,,,1;PCDHA5,synonymous_variant,p.F462=,ENST00000614258,NM_031501.1,c.1386C>T,LOW,,,,1;PCDHA5,synonymous_variant,p.F462=,ENST00000529619,,c.1386C>T,LOW,,,,1;PCDHA1,intron_variant,,ENST00000394633,NM_031411.3,c.1602+35269C>T,MODIFIER,,,,1;PCDHA1,intron_variant,,ENST00000504120,NM_018900.4,c.2394+34477C>T,MODIFIER,YES,,,1;PCDHA4,intron_variant,,ENST00000512229,,c.2385+13589C>T,MODIFIER,,,,1;PCDHA3,intron_variant,,ENST00000522353,NM_018906.3,c.2394+19570C>T,MODIFIER,YES,,,1;PCDHA2,intron_variant,,ENST00000526136,NM_018905.3,c.2388+25809C>T,MODIFIER,YES,,,1;PCDHA4,intron_variant,,ENST00000530339,NM_018907.4,c.2385+13589C>T,MODIFIER,YES,,,1;PCDHA6,upstream_gene_variant,,ENST00000378126,NM_031848.3,,MODIFIER,,,,1;PCDHA6,upstream_gene_variant,,ENST00000527624,NM_031849.3,,MODIFIER,,,,1;PCDHA6,upstream_gene_variant,,ENST00000529310,NM_018909.4,,MODIFIER,YES,,,1;AC005609.5,intron_variant,,ENST00000655235,,n.657+4732G>A,MODIFIER,YES,,,-1;AC005609.5,upstream_gene_variant,,ENST00000624712,,,MODIFIER,,,,-1	T	ENSG00000204965	ENST00000529859	Transcript	synonymous_variant	synonymous_variant	1549/5384	1386/2811	462/936	F	ttC/ttT	COSV65349989	NA	1	PCDHA5	HGNC	HGNC:8671	protein_coding	YES	CCDS54917.1	ENSP00000436557	Q9Y5H7.170	NA	UPI00001273CD	Q9Y5H7-1	NM_018908.3	NM_018908.3	P1	NA	NA	NA	1/4	NA	Gene3D:2.60.40.60;Pfam:PF00028;Prints:PR00205;PROSITE_profiles:PS50268;PANTHER:PTHR24028;PANTHER:PTHR24028:SF111;Superfamily:SSF49313;CDD:cd11304	NA	NA	NA	NA	NA	NA	NA	NA	NA	NA	NA	NA	NA	NA	NA	NA	NA	NA	NA	NA	NA	NA	NA	NA	NA	NA	NA	NA	NA	NA	NA	NA	NA	1	NA	NA	NA	NA	NA	NA	NA	LOW	1	SNV	1	NA	1	NA	GTGTTCGTGAA	240b67c2-8920-4f4b-b140-46dc844fe8fa	ef69dfd6-0c41-4e3f-9a21-69d748957411	4996e458-db04-4c6d-9ae6-66316240a8ed	NA	COSM3240055;COSM3240056;COSM3609731	N	Unknown	NA	NA	NA	muse;varscan2
GLRA1	2741	WUGSC	GRCh38	chr5	151851463	151851463	+	Missense_Mutation	SNP	C	C	T	rs281864918	NA	TCGA-DX-A8BU-01A-11D-A37C-09	TCGA-DX-A8BU-10A-01D-A37F-09	NA	NA	NA	NA	NA	NA	NA	NA	Somatic	NA	NA	NA	NA	NA	NA	330b9068-ca47-4592-88e4-6c469c5cd907	6251e219-3da3-43e1-aba3-1ab654ae4151	c.839G>A	p.Arg280His	p.R280H	ENST00000455880	7/9	61	38	23	60	NA	NA	GLRA1,missense_variant,p.R280H,ENST00000274576,NM_001292000.2&NM_000171.4,c.839G>A,MODERATE,,deleterious(0),probably_damaging(0.999),-1;GLRA1,missense_variant,p.R280H,ENST00000455880,NM_001146040.2,c.839G>A,MODERATE,YES,deleterious(0),probably_damaging(0.993),-1;GLRA1,non_coding_transcript_exon_variant,,ENST00000471351,,n.1122G>A,MODIFIER,,,,-1;GLRA1,3_prime_UTR_variant,,ENST00000462581,,c.*597G>A,MODIFIER,,,,-1;AC091982.2,downstream_gene_variant,,ENST00000603996,,,MODIFIER,YES,,,1	T	ENSG00000145888	ENST00000455880	Transcript	missense_variant	missense_variant	1126/1707	839/1374	280/457	R/H	cGt/cAt	rs281864918;CM992337;COSV99199652	NA	-1	GLRA1	HGNC	HGNC:4326	protein_coding	YES	CCDS54942.1	ENSP00000411593	P23415.210	NA	UPI0000DA6BF2	P23415-1	NM_001146040.2	NA	P4	NA	deleterious(0)	probably_damaging(0.993)	7/9	NA	PDB-ENSP_mappings:1mot.A;PDB-ENSP_mappings:1vry.A;PDB-ENSP_mappings:2m6b.A;PDB-ENSP_mappings:2m6i.A;PDB-ENSP_mappings:2m6i.B;PDB-ENSP_mappings:2m6i.C;PDB-ENSP_mappings:2m6i.D;PDB-ENSP_mappings:2m6i.E;PDB-ENSP_mappings:4x5t.A;PDB-ENSP_mappings:4x5t.B;PDB-ENSP_mappings:4x5t.C;PDB-ENSP_mappings:4x5t.D;PDB-ENSP_mappings:4x5t.E;Pfam:PF02932;Prints:PR00253;PANTHER:PTHR18945;PANTHER:PTHR18945:SF213;Superfamily:SSF90112;TIGRFAM:TIGR00860;CDD:cd19060	NA	NA	NA	NA	NA	NA	NA	NA	2.386e-05	0	0	0	5.438e-05	0	3.517e-05	0	3.266e-05	5.438e-05	gnomAD_EAS	6.76773015584331e-06	2.43498998315772e-05	0	0	0	0	0	0	0	0	0	NA	NA	likely_pathogenic	0;0;1	20301437	NA	NA	NA	NA	NA	NA	MODERATE	1	SNV	1	NA	1;1;1	1	CCACACGAGCA	240b67c2-8920-4f4b-b140-46dc844fe8fa	ef69dfd6-0c41-4e3f-9a21-69d748957411	4996e458-db04-4c6d-9ae6-66316240a8ed	NA	NA	N	Unknown	NA	NA	NA	muse;mutect2;varscan2
MAP3K4	4216	WUGSC	GRCh38	chr6	161049917	161049917	+	Silent	SNP	C	C	T	NA	NA	TCGA-DX-A8BU-01A-11D-A37C-09	TCGA-DX-A8BU-10A-01D-A37F-09	NA	NA	NA	NA	NA	NA	NA	NA	Somatic	NA	NA	NA	NA	NA	NA	330b9068-ca47-4592-88e4-6c469c5cd907	6251e219-3da3-43e1-aba3-1ab654ae4151	c.1645C>T	p.Leu549=	p.L549=	ENST00000392142	3/27	41	22	19	38	NA	NA	MAP3K4,synonymous_variant,p.L549=,ENST00000392142,NM_001291958.1&NM_005922.4,c.1645C>T,LOW,YES,,,1;MAP3K4,synonymous_variant,p.L549=,ENST00000366920,NM_001301072.1,c.1645C>T,LOW,,,,1;MAP3K4,synonymous_variant,p.L549=,ENST00000366919,NM_006724.3,c.1645C>T,LOW,,,,1;MAP3K4,synonymous_variant,p.L549=,ENST00000348824,NM_001363582.1,c.1645C>T,LOW,,,,1;MAP3K4,downstream_gene_variant,,ENST00000446500,,,MODIFIER,,,,1;MAP3K4,synonymous_variant,p.L549=,ENST00000490904,,c.1645C>T,LOW,,,,1;MAP3K4,synonymous_variant,p.L549=,ENST00000544041,,c.1645C>T,LOW,,,,1;MAP3K4,intron_variant,,ENST00000542952,,c.153-20691C>T,MODIFIER,,,,1	T	ENSG00000085511	ENST00000392142	Transcript	synonymous_variant	synonymous_variant	1808/5500	1645/4827	549/1608	L	Cta/Tta	COSV100815596	NA	1	MAP3K4	HGNC	HGNC:6856	protein_coding	YES	CCDS34565.1	ENSP00000375986	Q9Y6R4.192	NA	UPI00004574E1	Q9Y6R4-1	NM_001291958.1;NM_005922.4	NM_005922.4	A2	NA	NA	NA	3/27	NA	NA	NA	NA	NA	NA	NA	NA	NA	NA	NA	NA	NA	NA	NA	NA	NA	NA	NA	NA	NA	NA	NA	NA	NA	NA	NA	NA	NA	NA	NA	NA	NA	NA	NA	1	NA	NA	NA	NA	NA	NA	NA	LOW	1	SNV	1	NA	1	NA	ACAAGCTAATG	240b67c2-8920-4f4b-b140-46dc844fe8fa	ef69dfd6-0c41-4e3f-9a21-69d748957411	4996e458-db04-4c6d-9ae6-66316240a8ed	NA	NA	N	Unknown	NA	NA	NA	muse;mutect2;varscan2
TNS3	64759	WUGSC	GRCh38	chr7	47415133	47415133	+	Missense_Mutation	SNP	C	C	G	NA	NA	TCGA-DX-A8BU-01A-11D-A37C-09	TCGA-DX-A8BU-10A-01D-A37F-09	NA	NA	NA	NA	NA	NA	NA	NA	Somatic	NA	NA	NA	NA	NA	NA	330b9068-ca47-4592-88e4-6c469c5cd907	6251e219-3da3-43e1-aba3-1ab654ae4151	c.547G>C	p.Val183Leu	p.V183L	ENST00000311160	11/31	64	54	10	58	NA	NA	TNS3,missense_variant,p.V183L,ENST00000311160,NM_022748.12,c.547G>C,MODERATE,YES,deleterious(0.02),benign(0.193),-1;TNS3,missense_variant,p.V286L,ENST00000457718,,c.856G>C,MODERATE,,deleterious(0.03),benign(0.401),-1;TNS3,missense_variant,p.V272L,ENST00000450444,,c.814G>C,MODERATE,,deleterious(0.03),probably_damaging(0.992),-1;TNS3,missense_variant,p.V183L,ENST00000442536,,c.547G>C,MODERATE,,tolerated(0.08),benign(0.018),-1;TNS3,missense_variant,p.V183L,ENST00000458317,,c.547G>C,MODERATE,,tolerated(0.08),benign(0.018),-1	G	ENSG00000136205	ENST00000311160	Transcript	missense_variant	missense_variant	872/7585	547/4338	183/1445	V/L	Gtc/Ctc	COSV100236153	NA	-1	TNS3	HGNC	HGNC:21616	protein_coding	YES	CCDS5506.2	ENSP00000312143	Q68CZ2.141	NA	UPI00001AE9DA	Q68CZ2-1	NM_022748.12	NM_022748.12	P1	NA	deleterious(0.02)	benign(0.193)	11/31	NA	PROSITE_profiles:PS51182;PANTHER:PTHR45734;PANTHER:PTHR45734:SF5;Pfam:PF10409;Gene3D:2.60.40.1110;SMART:SM00404;SMART:SM01326;Superfamily:SSF49562	NA	NA	NA	NA	NA	NA	NA	NA	NA	NA	NA	NA	NA	NA	NA	NA	NA	NA	NA	NA	NA	NA	NA	NA	NA	NA	NA	NA	NA	NA	NA	NA	NA	1	NA	NA	NA	NA	NA	NA	NA	MODERATE	1	SNV	1	NA	1	NA	GATGACAAAAT	240b67c2-8920-4f4b-b140-46dc844fe8fa	ef69dfd6-0c41-4e3f-9a21-69d748957411	4996e458-db04-4c6d-9ae6-66316240a8ed	NA	NA	N	Unknown	NA	NA	NA	muse;mutect2;varscan2
RBM28	55131	WUGSC	GRCh38	chr7	128310868	128310868	+	Frame_Shift_Del	DEL	A	A	-	novel	NA	TCGA-DX-A8BU-01A-11D-A37C-09	TCGA-DX-A8BU-10A-01D-A37F-09	NA	NA	NA	NA	NA	NA	NA	NA	Somatic	NA	NA	NA	NA	NA	NA	330b9068-ca47-4592-88e4-6c469c5cd907	6251e219-3da3-43e1-aba3-1ab654ae4151	c.2209del	p.Tyr737IlefsTer53	p.Y737Ifs*53	ENST00000223073	19/19	55	46	8	49	NA	NA	RBM28,frameshift_variant,p.Y737Ifs*53,ENST00000223073,NM_018077.3,c.2209del,HIGH,YES,,,-1;RBM28,frameshift_variant,p.Y596Ifs*53,ENST00000415472,NM_001166135.2,c.1786del,HIGH,,,,-1;RBM28,non_coding_transcript_exon_variant,,ENST00000481788,,n.581del,MODIFIER,,,,-1;RBM28,downstream_gene_variant,,ENST00000495327,,,MODIFIER,,,,-1;AC018635.1,downstream_gene_variant,,ENST00000468292,,,MODIFIER,YES,,,1	-	ENSG00000106344	ENST00000223073	Transcript	frameshift_variant	frameshift_variant	2324/15507	2209/2280	737/759	Y/X	Tat/at	NA	NA	-1	RBM28	HGNC	HGNC:21863	protein_coding	YES	CCDS5801.1	ENSP00000223073	Q9NW13.165	A0A024R753.49	UPI000006FFF1	Q9NW13-1	NM_018077.3	NM_018077.3	P1	NA	NA	NA	19/19	NA	PANTHER:PTHR15241;PANTHER:PTHR15241:SF75;MobiDB_lite:mobidb-lite	NA	NA	NA	NA	NA	NA	NA	NA	NA	NA	NA	NA	NA	NA	NA	NA	NA	NA	NA	NA	NA	NA	NA	NA	NA	NA	NA	NA	NA	NA	NA	NA	NA	NA	NA	NA	NA	NA	NA	NA	NA	HIGH	1	deletion	1	NA	NA	1	GCTTATATTGTT	240b67c2-8920-4f4b-b140-46dc844fe8fa	ef69dfd6-0c41-4e3f-9a21-69d748957411	4996e458-db04-4c6d-9ae6-66316240a8ed	NA	NA	N	Unknown	NA	NA	NA	mutect2;pindel;varscan2
ADAM28	10863	WUGSC	GRCh38	chr8	24313403	24313403	+	Missense_Mutation	SNP	G	G	T	NA	NA	TCGA-DX-A8BU-01A-11D-A37C-09	TCGA-DX-A8BU-10A-01D-A37F-09	NA	NA	NA	NA	NA	NA	NA	NA	Somatic	NA	NA	NA	NA	NA	NA	330b9068-ca47-4592-88e4-6c469c5cd907	6251e219-3da3-43e1-aba3-1ab654ae4151	c.399G>T	p.Gln133His	p.Q133H	ENST00000265769	6/23	69	54	15	58	NA	NA	ADAM28,missense_variant,p.Q133H,ENST00000265769,NM_014265.6&NM_001304351.2,c.399G>T,MODERATE,YES,tolerated(0.18),benign(0.046),1;ADAM28,missense_variant,p.Q133H,ENST00000437154,NM_021777.4,c.399G>T,MODERATE,,tolerated(0.68),benign(0.006),1;ADAM28,missense_variant,p.Q133H,ENST00000520448,,c.399G>T,MODERATE,,tolerated(0.92),benign(0.046),1;ADAM28,downstream_gene_variant,,ENST00000523379,,,MODIFIER,,,,1;ADAM28,downstream_gene_variant,,ENST00000523440,,,MODIFIER,,,,1;AC120193.1,intron_variant,,ENST00000518988,,n.356-12474C>A,MODIFIER,YES,,,-1;AC120193.1,intron_variant,,ENST00000519689,,n.607-12474C>A,MODIFIER,,,,-1;AC120193.1,intron_variant,,ENST00000523578,,n.502-12474C>A,MODIFIER,,,,-1;AC120193.1,intron_variant,,ENST00000523700,,n.165-12474C>A,MODIFIER,,,,-1	T	ENSG00000042980	ENST00000265769	Transcript	missense_variant	missense_variant	480/7019	399/2328	133/775	Q/H	caG/caT	COSV99739482	NA	1	ADAM28	HGNC	HGNC:206	protein_coding	YES	CCDS34865.1	ENSP00000265769	Q9UKQ2.180	NA	UPI000049E0B9	Q9UKQ2-1	NM_014265.6;NM_001304351.2	NM_014265.6	P1	NA	tolerated(0.18)	benign(0.046)	6/23	NA	Pfam:PF01562;PANTHER:PTHR11905:SF32;PANTHER:PTHR11905	NA	NA	NA	NA	NA	NA	NA	NA	NA	NA	NA	NA	NA	NA	NA	NA	NA	NA	NA	NA	NA	NA	NA	NA	NA	NA	NA	NA	NA	NA	NA	NA	NA	1	NA	NA	NA	NA	NA	NA	NA	MODERATE	1	SNV	1	NA	1	NA	AGTCAGGGGGA	240b67c2-8920-4f4b-b140-46dc844fe8fa	ef69dfd6-0c41-4e3f-9a21-69d748957411	4996e458-db04-4c6d-9ae6-66316240a8ed	NA	NA	N	Unknown	NA	NA	NA	muse;mutect2;varscan2
ADAM2	2515	WUGSC	GRCh38	chr8	39766903	39766903	+	Silent	SNP	A	A	G	rs112394042	NA	TCGA-DX-A8BU-01A-11D-A37C-09	TCGA-DX-A8BU-10A-01D-A37F-09	NA	NA	NA	NA	NA	NA	NA	NA	Somatic	NA	NA	NA	NA	NA	NA	330b9068-ca47-4592-88e4-6c469c5cd907	6251e219-3da3-43e1-aba3-1ab654ae4151	c.1452T>C	p.Cys484=	p.C484=	ENST00000265708	14/21	58	36	21	50	NA	NA	ADAM2,synonymous_variant,p.C484=,ENST00000265708,NM_001464.5,c.1452T>C,LOW,YES,,,-1;ADAM2,synonymous_variant,p.C465=,ENST00000347580,NM_001278113.2,c.1395T>C,LOW,,,,-1;ADAM2,synonymous_variant,p.C484=,ENST00000622267,,c.1452T>C,LOW,,,,-1;ADAM2,synonymous_variant,p.C358=,ENST00000379853,,c.1074T>C,LOW,,,,-1;ADAM2,synonymous_variant,p.C484=,ENST00000521880,NM_001278114.2,c.1452T>C,LOW,,,,-1;ADAM2,non_coding_transcript_exon_variant,,ENST00000520434,,n.466T>C,MODIFIER,,,,-1	G	ENSG00000104755	ENST00000265708	Transcript	synonymous_variant	synonymous_variant	1494/2610	1452/2208	484/735	C	tgT/tgC	rs112394042	NA	-1	ADAM2	HGNC	HGNC:198	protein_coding	YES	CCDS34884.1	ENSP00000265708	Q99965.173	NA	UPI00001254C2	Q99965-1	NM_001464.5	NM_001464.5	P1	NA	NA	NA	14/21	NA	Pfam:PF08516;SMART:SM00608;PANTHER:PTHR11905;PANTHER:PTHR11905:SF108	4e-04	0.0015	0	0	0	0	0.000227	0	1.989e-05	0.0001845	0	0	0	0	0	0.0003261	0	0.0015	AFR	4.05563987442292e-05	0.00014587900659535	0	0	0	0	0	0	0	0	0	0.00014587900659535	afr	NA	NA	NA	NA	NA	NA	NA	NA	NA	LOW	1	SNV	1	NA	NA	NA	TCTATACAGAT	240b67c2-8920-4f4b-b140-46dc844fe8fa	ef69dfd6-0c41-4e3f-9a21-69d748957411	4996e458-db04-4c6d-9ae6-66316240a8ed	NA	COSM4659332	N	Unknown	NA	NA	NA	mutect2;varscan2
ARID3C	138715	WUGSC	GRCh38	chr9	34621481	34621481	+	Missense_Mutation	SNP	G	G	A	NA	NA	TCGA-DX-A8BU-01A-11D-A37C-09	TCGA-DX-A8BU-10A-01D-A37F-09	NA	NA	NA	NA	NA	NA	NA	NA	Somatic	NA	NA	NA	NA	NA	NA	330b9068-ca47-4592-88e4-6c469c5cd907	6251e219-3da3-43e1-aba3-1ab654ae4151	c.1216C>T	p.Pro406Ser	p.P406S	ENST00000378909	7/7	114	102	12	57	NA	NA	ARID3C,missense_variant,p.P406S,ENST00000378909,NM_001371945.1&NM_001017363.2,c.1216C>T,MODERATE,YES,deleterious_low_confidence(0.02),benign(0.034),-1;DCTN3,upstream_gene_variant,,ENST00000259632,NM_007234.5,,MODIFIER,YES,,,-1;DCTN3,upstream_gene_variant,,ENST00000341694,NM_001281426.2&NM_024348.4,,MODIFIER,,,,-1;DCTN3,upstream_gene_variant,,ENST00000378911,,,MODIFIER,,,,-1;DCTN3,upstream_gene_variant,,ENST00000378913,,,MODIFIER,,,,-1;DCTN3,upstream_gene_variant,,ENST00000378916,NM_001281425.1,,MODIFIER,,,,-1;DCTN3,upstream_gene_variant,,ENST00000421919,,,MODIFIER,,,,-1;DCTN3,upstream_gene_variant,,ENST00000477738,NM_001281427.2,,MODIFIER,,,,-1;DCTN3,upstream_gene_variant,,ENST00000479399,,,MODIFIER,,,,-1	A	ENSG00000205143	ENST00000378909	Transcript	missense_variant	missense_variant	1288/1390	1216/1239	406/412	P/S	Ccc/Tcc	COSV99426763;COSV99427005	NA	-1	ARID3C	HGNC	HGNC:21209	protein_coding	YES	CCDS35006.1	ENSP00000368189	A6NKF2.98	NA	UPI0000509F06	NA	NM_001371945.1;NM_001017363.2	NA	P1	NA	deleterious_low_confidence(0.02)	benign(0.034)	7/7	NA	PANTHER:PTHR15348;PANTHER:PTHR15348:SF2;MobiDB_lite:mobidb-lite;MobiDB_lite:mobidb-lite;Low_complexity_(Seg):seg	NA	NA	NA	NA	NA	NA	NA	NA	NA	NA	NA	NA	NA	NA	NA	NA	NA	NA	NA	NA	NA	NA	NA	NA	NA	NA	NA	NA	NA	NA	NA	NA	NA	1;1	NA	NA	NA	NA	NA	NA	NA	MODERATE	NA	SNV	2	NA	1;1	NA	AGGGGGCCCTG	240b67c2-8920-4f4b-b140-46dc844fe8fa	ef69dfd6-0c41-4e3f-9a21-69d748957411	4996e458-db04-4c6d-9ae6-66316240a8ed	NA	NA	N	Unknown	NA	NA	NA	muse;mutect2;varscan2
CNTNAP3	79937	WUGSC	GRCh38	chr9	39085768	39085768	+	Missense_Mutation	SNP	G	G	A	NA	NA	TCGA-DX-A8BU-01A-11D-A37C-09	TCGA-DX-A8BU-10A-01D-A37F-09	NA	NA	NA	NA	NA	NA	NA	NA	Somatic	NA	NA	NA	NA	NA	NA	330b9068-ca47-4592-88e4-6c469c5cd907	6251e219-3da3-43e1-aba3-1ab654ae4151	c.3410C>T	p.Ala1137Val	p.A1137V	ENST00000297668	21/24	426	207	218	313	NA	NA	CNTNAP3,missense_variant,p.A1137V,ENST00000297668,NM_033655.5,c.3410C>T,MODERATE,YES,tolerated(0.08),benign(0.411),-1;CNTNAP3,missense_variant,p.A1056V,ENST00000377656,,c.3167C>T,MODERATE,,deleterious(0.05),benign(0.25),-1;CNTNAP3,3_prime_UTR_variant,,ENST00000358144,,c.*918C>T,MODIFIER,,,,-1;CNTNAP3,non_coding_transcript_exon_variant,,ENST00000493965,,n.241C>T,MODIFIER,,,,-1;CNTNAP3,non_coding_transcript_exon_variant,,ENST00000477002,,n.156C>T,MODIFIER,,,,-1	A	ENSG00000106714	ENST00000297668	Transcript	missense_variant	missense_variant	3484/5064	3410/3867	1137/1288	A/V	gCc/gTc	COSV52669000;COSV99905416	NA	-1	CNTNAP3	HGNC	HGNC:13834	protein_coding	YES	CCDS6616.1	ENSP00000297668	Q9BZ76.174	NA	UPI000013E43B	Q9BZ76-1	NM_033655.5	NA	P1	NA	tolerated(0.08)	benign(0.411)	21/24	NA	Gene3D:2.60.120.200;Pfam:PF02210;PROSITE_profiles:PS50025;PANTHER:PTHR15036;PANTHER:PTHR15036:SF36;SMART:SM00282;Superfamily:SSF49899;CDD:cd00110	NA	NA	NA	NA	NA	NA	NA	NA	NA	NA	NA	NA	NA	NA	NA	NA	NA	NA	NA	NA	NA	NA	NA	NA	NA	NA	NA	NA	NA	NA	NA	NA	NA	1;1	NA	NA	NA	NA	NA	NA	NA	MODERATE	1	SNV	1	NA	1;1	NA	TGACGGCGTTG	240b67c2-8920-4f4b-b140-46dc844fe8fa	ef69dfd6-0c41-4e3f-9a21-69d748957411	4996e458-db04-4c6d-9ae6-66316240a8ed	NA	NA	N	Unknown	NA	NA	NA	muse;mutect2;varscan2
FRMD3	257019	WUGSC	GRCh38	chr9	83248447	83248447	+	Missense_Mutation	SNP	C	C	T	rs770065695	NA	TCGA-DX-A8BU-01A-11D-A37C-09	TCGA-DX-A8BU-10A-01D-A37F-09	NA	NA	NA	NA	NA	NA	NA	NA	Somatic	NA	NA	NA	NA	NA	NA	330b9068-ca47-4592-88e4-6c469c5cd907	6251e219-3da3-43e1-aba3-1ab654ae4151	c.1265G>A	p.Arg422Gln	p.R422Q	ENST00000304195	14/14	56	47	9	58	NA	NA	FRMD3,missense_variant,p.R422Q,ENST00000304195,NM_174938.6,c.1265G>A,MODERATE,YES,tolerated(0.62),benign(0),-1;FRMD3,missense_variant,p.R378Q,ENST00000621208,NM_001244960.1,c.1133G>A,MODERATE,,tolerated(0.65),benign(0),-1;FRMD3,missense_variant,p.R422Q,ENST00000376438,NM_001244959.2,c.1265G>A,MODERATE,,tolerated(0.69),benign(0),-1;FRMD3,missense_variant,p.R228Q,ENST00000376434,NM_001244961.1,c.683G>A,MODERATE,,tolerated(0.63),benign(0.001),-1;FRMD3,missense_variant,p.R79Q,ENST00000328788,NM_001244962.2&NM_001375487.1,c.236G>A,MODERATE,,tolerated(0.67),benign(0.003),-1;FRMD3,non_coding_transcript_exon_variant,,ENST00000465485,,n.129G>A,MODIFIER,,,,-1	T	ENSG00000172159	ENST00000304195	Transcript	missense_variant	missense_variant	1435/5260	1265/1794	422/597	R/Q	cGg/cAg	rs770065695	NA	-1	FRMD3	HGNC	HGNC:24125	protein_coding	YES	CCDS43840.1	ENSP00000303508	A2A2Y4.115	NA	UPI000066DA57	A2A2Y4-1	NM_174938.6	NM_174938.6	P1	NA	tolerated(0.62)	benign(0)	14/14	NA	PANTHER:PTHR23280;PANTHER:PTHR23280:SF8	NA	NA	NA	NA	NA	NA	NA	NA	2.015e-05	0.0001937	0	0	0	0	8.93e-06	0	3.268e-05	0.0001937	gnomAD_AFR	7.43865966796875e-05	0.00021887199545744	0	0	0	0	0	0	3.08622984448448e-05	0	0	0.00021887199545744	afr	NA	NA	NA	NA	NA	NA	NA	NA	NA	MODERATE	1	SNV	1	NA	NA	NA	ACTCCCGGGCT	240b67c2-8920-4f4b-b140-46dc844fe8fa	ef69dfd6-0c41-4e3f-9a21-69d748957411	4996e458-db04-4c6d-9ae6-66316240a8ed	NA	NA	N	Unknown	NA	NA	NA	muse;mutect2;varscan2
NR6A1	2649	WUGSC	GRCh38	chr9	124554411	124554411	+	Missense_Mutation	SNP	T	T	A	NA	NA	TCGA-DX-A8BU-01A-11D-A37C-09	TCGA-DX-A8BU-10A-01D-A37F-09	NA	NA	NA	NA	NA	NA	NA	NA	Somatic	NA	NA	NA	NA	NA	NA	330b9068-ca47-4592-88e4-6c469c5cd907	6251e219-3da3-43e1-aba3-1ab654ae4151	c.302A>T	p.Asn101Ile	p.N101I	ENST00000487099	3/10	43	37	6	25	NA	NA	NR6A1,missense_variant,p.N101I,ENST00000487099,NM_033334.4,c.302A>T,MODERATE,YES,deleterious(0),possibly_damaging(0.835),-1;NR6A1,missense_variant,p.N97I,ENST00000416460,NM_001489.5,c.290A>T,MODERATE,,deleterious(0),possibly_damaging(0.885),-1;NR6A1,missense_variant,p.N97I,ENST00000373584,NM_001278546.2,c.290A>T,MODERATE,,deleterious(0),possibly_damaging(0.717),-1;NR6A1,missense_variant,p.N101I,ENST00000344523,,c.302A>T,MODERATE,,deleterious(0),probably_damaging(0.943),-1;NR6A1,missense_variant,p.N59I,ENST00000475178,,c.176A>T,MODERATE,,deleterious(0),possibly_damaging(0.891),-1	A	ENSG00000148200	ENST00000487099	Transcript	missense_variant	missense_variant	494/7065	302/1443	101/480	N/I	aAc/aTc	COSV100748660	NA	-1	NR6A1	HGNC	HGNC:7985	protein_coding	YES	CCDS35137.1	ENSP00000420267	Q15406.189	F1D8S0.83	UPI0000130484	Q15406-1	NM_033334.4	NM_033334.4	P4	NA	deleterious(0)	possibly_damaging(0.835)	3/10	NA	Gene3D:3.30.50.10;Pfam:PF00105;PROSITE_profiles:PS51030;PANTHER:PTHR24080;SMART:SM00399;Superfamily:SSF57716;CDD:cd07169	NA	NA	NA	NA	NA	NA	NA	NA	NA	NA	NA	NA	NA	NA	NA	NA	NA	NA	NA	NA	NA	NA	NA	NA	NA	NA	NA	NA	NA	NA	NA	NA	NA	1	NA	NA	NA	NA	NA	NA	NA	MODERATE	1	SNV	1	NA	1	NA	CACAGTTCTTG	240b67c2-8920-4f4b-b140-46dc844fe8fa	ef69dfd6-0c41-4e3f-9a21-69d748957411	4996e458-db04-4c6d-9ae6-66316240a8ed	NA	NA	N	Unknown	NA	NA	NA	muse;mutect2;varscan2
ANKRD26	22852	WUGSC	GRCh38	chr10	27046496	27046496	+	Missense_Mutation	SNP	T	T	A	NA	NA	TCGA-DX-A8BU-01A-11D-A37C-09	TCGA-DX-A8BU-10A-01D-A37F-09	NA	NA	NA	NA	NA	NA	NA	NA	Somatic	NA	NA	NA	NA	NA	NA	330b9068-ca47-4592-88e4-6c469c5cd907	6251e219-3da3-43e1-aba3-1ab654ae4151	c.1842A>T	p.Glu614Asp	p.E614D	ENST00000376087	18/34	61	56	5	48	NA	NA	ANKRD26,missense_variant,p.E614D,ENST00000376087,NM_014915.3,c.1842A>T,MODERATE,YES,tolerated(0.1),benign(0.013),-1;ANKRD26,missense_variant,p.E613D,ENST00000436985,NM_001256053.2,c.1839A>T,MODERATE,,tolerated(0.17),benign(0.006),-1;ANKRD26,non_coding_transcript_exon_variant,,ENST00000675349,,n.1571A>T,MODIFIER,,,,-1;ANKRD26,upstream_gene_variant,,ENST00000490015,,,MODIFIER,,,,-1;ANKRD26,missense_variant,p.E517D,ENST00000676232,,c.1551A>T,MODERATE,,tolerated(0.07),benign(0.211),-1;ANKRD26,3_prime_UTR_variant,,ENST00000676420,,c.*1659A>T,MODIFIER,,,,-1;ANKRD26,3_prime_UTR_variant,,ENST00000675846,,c.*969A>T,MODIFIER,,,,-1;ANKRD26,3_prime_UTR_variant,,ENST00000675187,,c.*1178A>T,MODIFIER,,,,-1	A	ENSG00000107890	ENST00000376087	Transcript	missense_variant	missense_variant	2010/6775	1842/5133	614/1710	E/D	gaA/gaT	COSV101063337	NA	-1	ANKRD26	HGNC	HGNC:29186	protein_coding	YES	CCDS41499.1	ENSP00000365255	Q9UPS8.152	NA	UPI000006FC41	Q9UPS8-1	NM_014915.3	NM_014915.3	P2	NA	tolerated(0.1)	benign(0.013)	18/34	NA	PANTHER:PTHR24147;PANTHER:PTHR24147:SF21;MobiDB_lite:mobidb-lite;Low_complexity_(Seg):seg	NA	NA	NA	NA	NA	NA	NA	NA	NA	NA	NA	NA	NA	NA	NA	NA	NA	NA	NA	NA	NA	NA	NA	NA	NA	NA	NA	NA	NA	NA	NA	NA	NA	1	NA	NA	NA	NA	NA	NA	NA	MODERATE	1	SNV	5	NA	1	1	TTTACTTCCTT	240b67c2-8920-4f4b-b140-46dc844fe8fa	ef69dfd6-0c41-4e3f-9a21-69d748957411	4996e458-db04-4c6d-9ae6-66316240a8ed	NA	NA	N	Unknown	NA	NA	NA	muse;mutect2
AGAP7P	653268	WUGSC	GRCh38	chr10	46130422	46130422	+	RNA	SNP	A	A	T	novel	NA	TCGA-DX-A8BU-01A-11D-A37C-09	TCGA-DX-A8BU-10A-01D-A37F-09	NA	NA	NA	NA	NA	NA	NA	NA	Somatic	NA	NA	NA	NA	NA	NA	330b9068-ca47-4592-88e4-6c469c5cd907	6251e219-3da3-43e1-aba3-1ab654ae4151	n.1126A>T	NA	NA	ENST00000582299	8/8	277	262	14	232	NA	NA	AGAP7P,non_coding_transcript_exon_variant,,ENST00000582299,,n.1126A>T,MODIFIER,YES,,,1	T	ENSG00000264204	ENST00000582299	Transcript	non_coding_transcript_exon_variant	non_coding_transcript_exon_variant	1126/2062	NA	NA	NA	NA	NA	NA	1	AGAP7P	HGNC	HGNC:23465	unprocessed_pseudogene	YES	NA	NA	NA	NA	NA	NA	NA	NA	NA	NA	NA	NA	8/8	NA	NA	NA	NA	NA	NA	NA	NA	NA	NA	NA	NA	NA	NA	NA	NA	NA	NA	NA	NA	NA	NA	NA	NA	NA	NA	NA	NA	NA	NA	NA	NA	NA	NA	NA	NA	NA	NA	NA	NA	NA	NA	NA	MODIFIER	1	SNV	NA	NA	NA	NA	TCCATATGCTT	240b67c2-8920-4f4b-b140-46dc844fe8fa	ef69dfd6-0c41-4e3f-9a21-69d748957411	4996e458-db04-4c6d-9ae6-66316240a8ed	NA	NA	N	Unknown	NA	NA	NA	muse;mutect2
TRIM6	117854	WUGSC	GRCh38	chr11	5603725	5603725	+	Missense_Mutation	SNP	A	A	T	NA	NA	TCGA-DX-A8BU-01A-11D-A37C-09	TCGA-DX-A8BU-10A-01D-A37F-09	NA	NA	NA	NA	NA	NA	NA	NA	Somatic	NA	NA	NA	NA	NA	NA	330b9068-ca47-4592-88e4-6c469c5cd907	6251e219-3da3-43e1-aba3-1ab654ae4151	c.413A>T	p.Gln138Leu	p.Q138L	ENST00000278302	2/8	87	79	8	52	NA	NA	TRIM6,missense_variant,p.Q166L,ENST00000380097,NM_001003818.3,c.497A>T,MODERATE,YES,deleterious(0.02),benign(0.298),1;TRIM6-TRIM34,missense_variant,p.Q166L,ENST00000354852,NM_001003819.4,c.497A>T,MODERATE,YES,deleterious(0.02),benign(0.186),1;TRIM6,missense_variant,p.Q138L,ENST00000278302,NM_058166.5,c.413A>T,MODERATE,,deleterious(0.01),benign(0.156),1;TRIM6,missense_variant,p.Q112L,ENST00000621176,,c.335A>T,MODERATE,,deleterious(0.02),benign(0.006),1;TRIM6,missense_variant,p.Q112L,ENST00000380107,,c.335A>T,MODERATE,,deleterious(0.02),benign(0.006),1;TRIM6,5_prime_UTR_variant,,ENST00000445329,,c.-113A>T,MODIFIER,,,,1;TRIM6,5_prime_UTR_variant,,ENST00000507320,,c.-281A>T,MODIFIER,,,,1;TRIM6,intron_variant,,ENST00000424369,,c.-102-809A>T,MODIFIER,,,,1;TRIM6,intron_variant,,ENST00000506134,NM_001198644.2,c.-102-809A>T,MODIFIER,,,,1;TRIM6,intron_variant,,ENST00000515022,NM_001198645.2,c.-6-1612A>T,MODIFIER,,,,1;AC104389.5,intron_variant,,ENST00000394793,,n.70-8375T>A,MODIFIER,,,,-1;TRIM6,intron_variant,,ENST00000511284,,n.262-4647A>T,MODIFIER,,,,1;TRIM6,upstream_gene_variant,,ENST00000481603,,,MODIFIER,,,,1;AC104389.5,intron_variant,,ENST00000380259,,c.*422-8375T>A,MODIFIER,YES,,,-1;AC104389.5,intron_variant,,ENST00000642298,,n.331-8375T>A,MODIFIER,,,,-1;TRIM6,upstream_gene_variant,,ENST00000469187,,,MODIFIER,,,,1	T	ENSG00000121236	ENST00000278302	Transcript	missense_variant	missense_variant	553/3217	413/1467	138/488	Q/L	cAg/cTg	COSV99546687	NA	1	TRIM6	HGNC	HGNC:16277	protein_coding	NA	CCDS31390.1	ENSP00000278302	Q9C030.167	NA	UPI00001373F4	Q9C030-1	NM_058166.5	NA	P2	NA	deleterious(0.01)	benign(0.156)	2/8	NA	Coiled-coils_(Ncoils):Coil;Superfamily:SSF57845;PANTHER:PTHR24103;PANTHER:PTHR24103:SF51	NA	NA	NA	NA	NA	NA	NA	NA	NA	NA	NA	NA	NA	NA	NA	NA	NA	NA	NA	NA	NA	NA	NA	NA	NA	NA	NA	NA	NA	NA	NA	NA	NA	1	NA	NA	NA	NA	NA	NA	NA	MODERATE	NA	SNV	1	NA	1	NA	TGCCCAGGAGT	240b67c2-8920-4f4b-b140-46dc844fe8fa	ef69dfd6-0c41-4e3f-9a21-69d748957411	4996e458-db04-4c6d-9ae6-66316240a8ed	NA	NA	N	Unknown	NA	NA	NA	muse;mutect2
SCUBE2	57758	WUGSC	GRCh38	chr11	9079457	9079460	+	Frame_Shift_Del	DEL	CAAA	CAAA	-	novel	NA	TCGA-DX-A8BU-01A-11D-A37C-09	TCGA-DX-A8BU-10A-01D-A37F-09	NA	NA	NA	NA	NA	NA	NA	NA	Somatic	NA	NA	NA	NA	NA	NA	330b9068-ca47-4592-88e4-6c469c5cd907	6251e219-3da3-43e1-aba3-1ab654ae4151	c.306_309del	p.Cys102Ter	p.C102*	ENST00000649792	3/23	42	26	16	37	NA	NA	SCUBE2,frameshift_variant,p.C102*,ENST00000649792,NM_001367977.2,c.306_309del,HIGH,YES,,,-1;SCUBE2,frameshift_variant,p.C102*,ENST00000309263,NM_001330199.2,c.306_309del,HIGH,,,,-1;SCUBE2,frameshift_variant,p.C102*,ENST00000520467,NM_020974.3,c.306_309del,HIGH,,,,-1;SCUBE2,frameshift_variant,p.C102*,ENST00000450649,NM_001170690.2,c.306_309del,HIGH,,,,-1;SCUBE2,downstream_gene_variant,,ENST00000534295,,,MODIFIER,,,,-1	-	ENSG00000175356	ENST00000649792	Transcript	frameshift_variant	frameshift_variant	377-380/4727	306-309/3087	102-103/1028	CL/X	tgTTTG/tg	NA	NA	-1	SCUBE2	HGNC	HGNC:30425	protein_coding	YES	NA	ENSP00000497523	NA	A0A3B3ISZ7.9	UPI0000E56F0F	NA	NM_001367977.2	NM_001367977.2	P4	NA	NA	NA	3/23	NA	Gene3D:2.10.25.10;PROSITE_patterns:PS00010;PROSITE_profiles:PS50026;PANTHER:PTHR24046;PANTHER:PTHR24046:SF3;SMART:SM00179;SMART:SM00181;Superfamily:SSF57184	NA	NA	NA	NA	NA	NA	NA	NA	NA	NA	NA	NA	NA	NA	NA	NA	NA	NA	NA	NA	NA	NA	NA	NA	NA	NA	NA	NA	NA	NA	NA	NA	NA	NA	NA	NA	NA	NA	NA	NA	NA	HIGH	1	deletion	NA	NA	NA	NA	AATATTCAAACAGTC	240b67c2-8920-4f4b-b140-46dc844fe8fa	ef69dfd6-0c41-4e3f-9a21-69d748957411	4996e458-db04-4c6d-9ae6-66316240a8ed	NA	NA	N	Unknown	NA	NA	NA	mutect2;pindel;varscan2
PTPN5	84867	WUGSC	GRCh38	chr11	18729715	18729715	+	Missense_Mutation	SNP	A	A	C	NA	NA	TCGA-DX-A8BU-01A-11D-A37C-09	TCGA-DX-A8BU-10A-01D-A37F-09	NA	NA	NA	NA	NA	NA	NA	NA	Somatic	NA	NA	NA	NA	NA	NA	330b9068-ca47-4592-88e4-6c469c5cd907	6251e219-3da3-43e1-aba3-1ab654ae4151	c.1433T>G	p.Val478Gly	p.V478G	ENST00000358540	13/15	68	58	10	67	NA	NA	PTPN5,missense_variant,p.V446G,ENST00000396170,NM_001278236.1&NM_001039970.2,c.1337T>G,MODERATE,,deleterious(0),probably_damaging(1),-1;PTPN5,missense_variant,p.V478G,ENST00000358540,NM_032781.4&NM_006906.2,c.1433T>G,MODERATE,YES,deleterious(0),probably_damaging(1),-1;PTPN5,missense_variant,p.V282G,ENST00000477854,,c.845T>G,MODERATE,,deleterious(0),probably_damaging(1),-1;PTPN5,missense_variant,p.V454G,ENST00000396168,NM_001278239.2&NM_001278238.2,c.1361T>G,MODERATE,,deleterious(0),probably_damaging(1),-1;PTPN5,missense_variant,p.V84G,ENST00000396166,,c.251T>G,MODERATE,,deleterious(0),probably_damaging(0.996),-1;IGSF22,upstream_gene_variant,,ENST00000513874,NM_173588.4,,MODIFIER,YES,,,-1;IGSF22,upstream_gene_variant,,ENST00000412229,,,MODIFIER,,,,-1;IGSF22,upstream_gene_variant,,ENST00000319338,,,MODIFIER,,,,-1;IGSF22,upstream_gene_variant,,ENST00000504981,,,MODIFIER,,,,-1;AC103974.1,intron_variant,,ENST00000527285,,n.730-10709A>C,MODIFIER,YES,,,1	C	ENSG00000110786	ENST00000358540	Transcript	missense_variant	missense_variant	1820/3091	1433/1698	478/565	V/G	gTg/gGg	COSV100080196	NA	-1	PTPN5	HGNC	HGNC:9657	protein_coding	YES	CCDS7845.1	ENSP00000351342	P54829.173	NA	UPI00001AE663	P54829-1	NM_032781.4;NM_006906.2	NM_006906.2	NA	NA	deleterious(0)	probably_damaging(1)	13/15	NA	PDB-ENSP_mappings:2bij.A;PDB-ENSP_mappings:2bv5.A;PDB-ENSP_mappings:2cjz.A;PDB-ENSP_mappings:5ovr.A;PDB-ENSP_mappings:5ovx.A;PDB-ENSP_mappings:5ow1.A;PDB-ENSP_mappings:6h8r.A;CDD:cd14613;Gene3D:3.90.190.10;PIRSF:PIRSF001997;Pfam:PF00102;SMART:SM00404;SMART:SM00194;Superfamily:SSF52799;PROSITE_profiles:PS50056;PROSITE_profiles:PS50055;PANTHER:PTHR46198:SF1;PANTHER:PTHR46198;Prints:PR01778	NA	NA	NA	NA	NA	NA	NA	NA	NA	NA	NA	NA	NA	NA	NA	NA	NA	NA	NA	NA	NA	NA	NA	NA	NA	NA	NA	NA	NA	NA	NA	NA	NA	1	NA	NA	NA	NA	NA	NA	NA	MODERATE	1	SNV	1	NA	1	NA	CCTCCACCTCC	240b67c2-8920-4f4b-b140-46dc844fe8fa	ef69dfd6-0c41-4e3f-9a21-69d748957411	4996e458-db04-4c6d-9ae6-66316240a8ed	NA	NA	N	Unknown	NA	NA	NA	muse;mutect2;varscan2
DCDC1	341019	WUGSC	GRCh38	chr11	31065092	31065092	+	Missense_Mutation	SNP	T	T	G	NA	NA	TCGA-DX-A8BU-01A-11D-A37C-09	TCGA-DX-A8BU-10A-01D-A37F-09	NA	NA	NA	NA	NA	NA	NA	NA	Somatic	NA	NA	NA	NA	NA	NA	330b9068-ca47-4592-88e4-6c469c5cd907	6251e219-3da3-43e1-aba3-1ab654ae4151	c.2360A>C	p.Gln787Pro	p.Q787P	ENST00000597505	17/36	58	52	5	52	NA	NA	DCDC1,missense_variant,p.Q787P,ENST00000597505,NM_001367979.1,c.2360A>C,MODERATE,YES,deleterious(0.02),probably_damaging(0.97),-1;DCDC1,non_coding_transcript_exon_variant,,ENST00000437348,,n.1068A>C,MODIFIER,,,,-1;DCDC1,3_prime_UTR_variant,,ENST00000342355,,c.*1435A>C,MODIFIER,,,,-1	G	ENSG00000170959	ENST00000597505	Transcript	missense_variant	missense_variant	2360/5352	2360/5352	787/1783	Q/P	cAg/cCg	COSV100663958	NA	-1	DCDC1	HGNC	HGNC:20625	protein_coding	YES	NA	ENSP00000472625	M0R2J8.47	NA	UPI0002A47319	M0R2J8-1	NM_001367979.1	NA	A2	NA	deleterious(0.02)	probably_damaging(0.97)	17/36	NA	PROSITE_profiles:PS50231;PANTHER:PTHR46302;PANTHER:PTHR46302:SF2;Superfamily:SSF50370	NA	NA	NA	NA	NA	NA	NA	NA	NA	NA	NA	NA	NA	NA	NA	NA	NA	NA	NA	NA	NA	NA	NA	NA	NA	NA	NA	NA	NA	NA	NA	NA	NA	1	NA	NA	NA	NA	NA	NA	NA	MODERATE	1	SNV	5	NA	1	NA	CTGTCTGGGTC	240b67c2-8920-4f4b-b140-46dc844fe8fa	ef69dfd6-0c41-4e3f-9a21-69d748957411	4996e458-db04-4c6d-9ae6-66316240a8ed	NA	NA	N	Unknown	NA	NA	NA	muse;mutect2
MRGPRF	116535	WUGSC	GRCh38	chr11	69006053	69006053	+	Missense_Mutation	SNP	G	G	C	NA	NA	TCGA-DX-A8BU-01A-11D-A37C-09	TCGA-DX-A8BU-10A-01D-A37F-09	NA	NA	NA	NA	NA	NA	NA	NA	Somatic	NA	NA	NA	NA	NA	NA	330b9068-ca47-4592-88e4-6c469c5cd907	6251e219-3da3-43e1-aba3-1ab654ae4151	c.257C>G	p.Ala86Gly	p.A86G	ENST00000309099	3/3	55	34	21	45	NA	NA	MRGPRF,missense_variant,p.A86G,ENST00000441623,NM_001098515.1,c.257C>G,MODERATE,YES,tolerated(0.06),probably_damaging(0.99),-1;MRGPRF,missense_variant,p.A86G,ENST00000309099,NM_145015.5,c.257C>G,MODERATE,,tolerated(0.06),probably_damaging(0.99),-1;MRGPRF,downstream_gene_variant,,ENST00000320913,,,MODIFIER,,,,-1;AP003071.4,upstream_gene_variant,,ENST00000562276,,,MODIFIER,YES,,,-1;AP003071.3,downstream_gene_variant,,ENST00000562506,,,MODIFIER,YES,,,1	C	ENSG00000172935	ENST00000309099	Transcript	missense_variant	missense_variant	477/2132	257/1032	86/343	A/G	gCc/gGc	COSV100307904	NA	-1	MRGPRF	HGNC	HGNC:24828	protein_coding	NA	CCDS8188.1	ENSP00000309782	Q96AM1.155	A0A024R5F0.48	UPI000012F566	NA	NM_145015.5	NM_145015.5	P1	NA	tolerated(0.06)	probably_damaging(0.99)	3/3	NA	Gene3D:1.20.1070.10;Prints:PR00237;PROSITE_profiles:PS50262;PANTHER:PTHR11334;PANTHER:PTHR11334:SF3;Superfamily:SSF81321;Transmembrane_helices:TMhelix;CDD:cd15109	NA	NA	NA	NA	NA	NA	NA	NA	NA	NA	NA	NA	NA	NA	NA	NA	NA	NA	NA	NA	NA	NA	NA	NA	NA	NA	NA	NA	NA	NA	NA	NA	NA	1	NA	NA	NA	NA	NA	NA	NA	MODERATE	NA	SNV	1	NA	1	NA	CGCTGGCCAGG	240b67c2-8920-4f4b-b140-46dc844fe8fa	ef69dfd6-0c41-4e3f-9a21-69d748957411	4996e458-db04-4c6d-9ae6-66316240a8ed	NA	NA	N	Unknown	NA	NA	NA	muse;mutect2;varscan2
OR8B4	283162	WUGSC	GRCh38	chr11	124424382	124424382	+	Nonsense_Mutation	SNP	G	G	A	rs1208863555	NA	TCGA-DX-A8BU-01A-11D-A37C-09	TCGA-DX-A8BU-10A-01D-A37F-09	NA	NA	NA	NA	NA	NA	NA	NA	Somatic	NA	NA	NA	NA	NA	NA	330b9068-ca47-4592-88e4-6c469c5cd907	6251e219-3da3-43e1-aba3-1ab654ae4151	c.490C>T	p.Arg164Ter	p.R164*	ENST00000356130	1/1	22	7	15	15	NA	NA	OR8B4,stop_gained,p.R164*,ENST00000356130,NM_001005196.1,c.490C>T,HIGH,YES,,,-1	A	ENSG00000280090	ENST00000356130	Transcript	stop_gained	stop_gained	512/990	490/930	164/309	R/*	Cga/Tga	rs1208863555;COSV62069819	NA	-1	OR8B4	HGNC	HGNC:8473	protein_coding	YES	CCDS31710.1	ENSP00000348449	Q96RC9.148	NA	UPI00000015B0	NA	NM_001005196.1	NA	P1	NA	NA	NA	1/1	NA	Gene3D:1.20.1070.10;Pfam:PF13853;PROSITE_profiles:PS50262;PANTHER:PTHR26452;PANTHER:PTHR26452:SF208;Superfamily:SSF81321;CDD:cd15405	NA	NA	NA	NA	NA	NA	NA	NA	7.969e-06	0	0	0	0	0	1.763e-05	0	0	1.763e-05	gnomAD_NFE	6.76160016155336e-06	0	0	0	0	0	0	0	1.54316003317945e-05	0	0	NA	NA	NA	0;1	NA	NA	NA	NA	NA	NA	NA	HIGH	1	SNV	NA	NA	0;1	NA	CAGTCGCAGCA	240b67c2-8920-4f4b-b140-46dc844fe8fa	ef69dfd6-0c41-4e3f-9a21-69d748957411	4996e458-db04-4c6d-9ae6-66316240a8ed	NA	COSM202975	N	Unknown	NA	NA	NA	muse;mutect2;varscan2
CAND1	55832	WUGSC	GRCh38	chr12	67269778	67269778	+	Missense_Mutation	SNP	G	G	C	NA	NA	TCGA-DX-A8BU-01A-11D-A37C-09	TCGA-DX-A8BU-10A-01D-A37F-09	NA	NA	NA	NA	NA	NA	NA	NA	Somatic	NA	NA	NA	NA	NA	NA	330b9068-ca47-4592-88e4-6c469c5cd907	6251e219-3da3-43e1-aba3-1ab654ae4151	c.61G>C	p.Asp21His	p.D21H	ENST00000545606	1/15	27	21	6	21	NA	NA	CAND1,missense_variant,p.D21H,ENST00000545606,NM_001329674.2&NM_001329675.2&NM_001329676.2&NM_018448.5,c.61G>C,MODERATE,YES,deleterious(0),probably_damaging(0.999),1;CAND1,upstream_gene_variant,,ENST00000540525,,,MODIFIER,,,,1;CAND1,non_coding_transcript_exon_variant,,ENST00000539109,,n.61G>C,MODIFIER,,,,1;CAND1,non_coding_transcript_exon_variant,,ENST00000539434,,n.53G>C,MODIFIER,,,,1;CAND1,non_coding_transcript_exon_variant,,ENST00000541058,,n.389G>C,MODIFIER,,,,1;GGTA2P,upstream_gene_variant,,ENST00000543442,,,MODIFIER,YES,,,-1	C	ENSG00000111530	ENST00000545606	Transcript	missense_variant	missense_variant	421/11176	61/3693	21/1230	D/H	Gac/Cac	COSV101604408	NA	1	CAND1	HGNC	HGNC:30688	protein_coding	YES	CCDS8977.1	ENSP00000442318	Q86VP6.173	NA	UPI0000037CC5	Q86VP6-1	NM_001329674.2;NM_001329675.2;NM_001329676.2;NM_018448.5	NM_018448.5	P1	NA	deleterious(0)	probably_damaging(0.999)	1/15	NA	PDB-ENSP_mappings:1u6g.C;PDB-ENSP_mappings:4a0c.A;PDB-ENSP_mappings:4a0c.B;PANTHER:PTHR12696;PANTHER:PTHR12696:SF1;Gene3D:1.25.10.10;Superfamily:SSF48371	NA	NA	NA	NA	NA	NA	NA	NA	NA	NA	NA	NA	NA	NA	NA	NA	NA	NA	NA	NA	NA	NA	NA	NA	NA	NA	NA	NA	NA	NA	NA	NA	NA	1	NA	NA	NA	NA	NA	NA	NA	MODERATE	1	SNV	1	NA	1	NA	ACAAGGACTTT	240b67c2-8920-4f4b-b140-46dc844fe8fa	ef69dfd6-0c41-4e3f-9a21-69d748957411	4996e458-db04-4c6d-9ae6-66316240a8ed	NA	NA	N	Unknown	NA	NA	NA	muse;mutect2;varscan2
NR2C1	7181	WUGSC	GRCh38	chr12	95028472	95028472	+	Silent	SNP	T	T	C	rs777918858	NA	TCGA-DX-A8BU-01A-11D-A37C-09	TCGA-DX-A8BU-10A-01D-A37F-09	NA	NA	NA	NA	NA	NA	NA	NA	Somatic	NA	NA	NA	NA	NA	NA	330b9068-ca47-4592-88e4-6c469c5cd907	6251e219-3da3-43e1-aba3-1ab654ae4151	c.1446A>G	p.Leu482=	p.L482=	ENST00000333003	12/14	97	80	17	78	NA	NA	NR2C1,missense_variant,p.T431A,ENST00000622476,,c.1291A>G,MODERATE,,deleterious_low_confidence(0),benign(0),-1;NR2C1,synonymous_variant,p.L482=,ENST00000333003,NM_003297.4,c.1446A>G,LOW,YES,,,-1;NR2C1,intron_variant,,ENST00000551647,,c.124-3217A>G,MODIFIER,,,,-1;NR2C1,downstream_gene_variant,,ENST00000330677,NM_001127362.2,,MODIFIER,,,,-1;NR2C1,downstream_gene_variant,,ENST00000393101,NM_001032287.3,,MODIFIER,,,,-1;NR2C1,non_coding_transcript_exon_variant,,ENST00000545833,,n.1291A>G,MODIFIER,,,,-1;NR2C1,non_coding_transcript_exon_variant,,ENST00000547594,,n.493A>G,MODIFIER,,,,-1;NR2C1,non_coding_transcript_exon_variant,,ENST00000552861,,n.1797A>G,MODIFIER,,,,-1;NR2C1,non_coding_transcript_exon_variant,,ENST00000546416,,n.603A>G,MODIFIER,,,,-1;NR2C1,non_coding_transcript_exon_variant,,ENST00000552484,,n.99A>G,MODIFIER,,,,-1;NR2C1,upstream_gene_variant,,ENST00000549617,,,MODIFIER,,,,-1;NR2C1,downstream_gene_variant,,ENST00000552791,,,MODIFIER,,,,-1	C	ENSG00000120798	ENST00000333003	Transcript	synonymous_variant	synonymous_variant	1692/4058	1446/1812	482/603	L	ctA/ctG	rs777918858;COSV58012550	NA	-1	NR2C1	HGNC	HGNC:7971	protein_coding	YES	CCDS9051.1	ENSP00000333275	P13056.195	H9NIM2.70	UPI00001AE7E6	P13056-1	NM_003297.4	NM_003297.4	P1	NA	NA	NA	12/14	NA	CDD:cd06952;Gene3D:1.10.565.10;Pfam:PF00104;SMART:SM00430;Superfamily:SSF48508;PROSITE_profiles:PS51843;PANTHER:PTHR24083:SF49;PANTHER:PTHR24083	NA	NA	NA	NA	NA	NA	NA	NA	0	0	0	0	0	0	0	0	0	0	gnomAD_AFR;gnomAD_AMR;gnomAD_ASJ;gnomAD_EAS;gnomAD_FIN;gnomAD_NFE;gnomAD_OTH;gnomAD_SAS	NA	NA	NA	NA	NA	NA	NA	NA	NA	NA	NA	NA	NA	NA	0;1	NA	NA	NA	NA	NA	NA	NA	LOW	1	SNV	2	NA	0;1	NA	TCCTGTAGTTT	240b67c2-8920-4f4b-b140-46dc844fe8fa	ef69dfd6-0c41-4e3f-9a21-69d748957411	4996e458-db04-4c6d-9ae6-66316240a8ed	NA	COSM4920575	N	Unknown	NA	NA	NA	muse;mutect2;varscan2
KSR2	283455	WUGSC	GRCh38	chr12	117761121	117761121	+	Silent	SNP	C	C	T	NA	NA	TCGA-DX-A8BU-01A-11D-A37C-09	TCGA-DX-A8BU-10A-01D-A37F-09	NA	NA	NA	NA	NA	NA	NA	NA	Somatic	NA	NA	NA	NA	NA	NA	330b9068-ca47-4592-88e4-6c469c5cd907	6251e219-3da3-43e1-aba3-1ab654ae4151	c.876G>A	p.Pro292=	p.P292=	ENST00000339824	4/20	94	79	14	82	NA	NA	KSR2,synonymous_variant,p.P292=,ENST00000339824,NM_173598.6,c.876G>A,LOW,YES,,,-1;KSR2,synonymous_variant,p.P263=,ENST00000425217,,c.789G>A,LOW,,,,-1	T	ENSG00000171435	ENST00000339824	Transcript	synonymous_variant	synonymous_variant	1611/17775	876/2853	292/950	P	ccG/ccA	COSV60377531	NA	-1	KSR2	HGNC	HGNC:18610	protein_coding	YES	NA	ENSP00000339952	Q6VAB6.140	NA	UPI000152636C	Q6VAB6-1	NM_173598.6	NM_173598.6	P1	NA	NA	NA	4/20	NA	MobiDB_lite:mobidb-lite;MobiDB_lite:mobidb-lite;PANTHER:PTHR23257;PANTHER:PTHR23257:SF775	NA	NA	NA	NA	NA	NA	NA	NA	NA	NA	NA	NA	NA	NA	NA	NA	NA	NA	NA	NA	NA	NA	NA	NA	NA	NA	NA	NA	NA	NA	NA	NA	NA	1	NA	NA	NA	NA	NA	NA	NA	LOW	1	SNV	5	NA	1	1	GAGGGCGGTGG	240b67c2-8920-4f4b-b140-46dc844fe8fa	ef69dfd6-0c41-4e3f-9a21-69d748957411	4996e458-db04-4c6d-9ae6-66316240a8ed	NA	COSM1256202	N	Unknown	NA	NA	NA	muse;mutect2;varscan2
MYCBP2	23077	WUGSC	GRCh38	chr13	77055571	77055595	+	Frame_Shift_Del	DEL	TAGCACACATAATATGCATATCTAT	TAGCACACATAATATGCATATCTAT	-	novel	NA	TCGA-DX-A8BU-01A-11D-A37C-09	TCGA-DX-A8BU-10A-01D-A37F-09	NA	NA	NA	NA	NA	NA	NA	NA	Somatic	NA	NA	NA	NA	NA	NA	330b9068-ca47-4592-88e4-6c469c5cd907	6251e219-3da3-43e1-aba3-1ab654ae4151	c.13496_13520del	p.Asn4499ThrfsTer83	p.N4499Tfs*83	ENST00000357337	81/84	52	42	10	38	NA	NA	MYCBP2,frameshift_variant,p.N4537Tfs*83,ENST00000544440,NM_015057.5,c.13610_13634del,HIGH,YES,,,-1;MYCBP2,frameshift_variant,p.N4499Tfs*83,ENST00000357337,,c.13496_13520del,HIGH,,,,-1;MYCBP2,frameshift_variant,p.N920Tfs*83,ENST00000429715,,c.2757_2781del,HIGH,,,,-1;MYCBP2,frameshift_variant,p.N111Tfs*83,ENST00000612956,,c.332_356del,HIGH,,,,-1;AC001226.2,intron_variant,,ENST00000635838,,c.175-19946_175-19922del,MODIFIER,,,,1;AC001226.2,intron_variant,,ENST00000638101,,c.170-42353_170-42329del,MODIFIER,,,,1;AC001226.2,intron_variant,,ENST00000638147,,c.566-19946_566-19922del,MODIFIER,YES,,,1;AC001226.2,intron_variant,,ENST00000461131,,n.295-19946_295-19922del,MODIFIER,,,,1;AC001226.2,intron_variant,,ENST00000637192,,c.214-54076_214-54052del,MODIFIER,,,,1;MYCBP2-AS1,intron_variant,,ENST00000636737,,n.357-19946_357-19922del,MODIFIER,YES,,,1	-	ENSG00000005810	ENST00000357337	Transcript	frameshift_variant	frameshift_variant	13589-13613/14736	13496-13520/13923	4499-4507/4640	NRYAYYVCY/X	aATAGATATGCATATTATGTGTGCTAc/ac	NA	NA	-1	MYCBP2	HGNC	HGNC:23386	protein_coding	NA	NA	ENSP00000349892	NA	A0A499FJI4.5	UPI0000212757	NA	NA	NA	A2	NA	NA	NA	81/84	NA	PANTHER:PTHR45943;PANTHER:PTHR45943:SF1	NA	NA	NA	NA	NA	NA	NA	NA	NA	NA	NA	NA	NA	NA	NA	NA	NA	NA	NA	NA	NA	NA	NA	NA	NA	NA	NA	NA	NA	NA	NA	NA	NA	NA	NA	NA	NA	NA	NA	NA	NA	HIGH	NA	deletion	1	NA	NA	NA	CATTTGTAGCACACATAATATGCATATCTATTCATT	240b67c2-8920-4f4b-b140-46dc844fe8fa	ef69dfd6-0c41-4e3f-9a21-69d748957411	4996e458-db04-4c6d-9ae6-66316240a8ed	NA	NA	N	Unknown	NA	NA	NA	mutect2;pindel;varscan2
TTC6	319089	WUGSC	GRCh38	chr14	37827306	37827306	+	Missense_Mutation	SNP	G	G	T	NA	NA	TCGA-DX-A8BU-01A-11D-A37C-09	TCGA-DX-A8BU-10A-01D-A37F-09	NA	NA	NA	NA	NA	NA	NA	NA	Somatic	NA	NA	NA	NA	NA	NA	330b9068-ca47-4592-88e4-6c469c5cd907	6251e219-3da3-43e1-aba3-1ab654ae4151	c.1140G>T	p.Lys380Asn	p.K380N	ENST00000267368	10/12	35	32	3	47	NA	NA	TTC6,missense_variant,p.K1746N,ENST00000553443,NM_001310135.3,c.5238G>T,MODERATE,YES,tolerated(0.52),benign(0.113),1;TTC6,missense_variant,p.K380N,ENST00000476979,NM_001368142.2,c.1140G>T,MODERATE,,tolerated(0.73),benign(0),1;TTC6,missense_variant,p.K460N,ENST00000382320,,c.1380G>T,MODERATE,,tolerated(0.59),benign(0.113),1;TTC6,missense_variant,p.K380N,ENST00000267368,,c.1140G>T,MODERATE,,tolerated(0.73),benign(0),1;RNU6-1277P,downstream_gene_variant,,ENST00000364561,,,MODIFIER,YES,,,-1;TTC6,missense_variant,p.K477N,ENST00000478811,,c.1431G>T,MODERATE,,tolerated(0.65),benign(0.006),1;TTC6,missense_variant,p.K2N,ENST00000555921,,c.6G>T,MODERATE,,deleterious_low_confidence(0.03),benign(0.006),1;TTC6,intron_variant,,ENST00000533625,,c.*1063-47154G>T,MODIFIER,,,,1	T	ENSG00000139865	ENST00000267368	Transcript	missense_variant	missense_variant	1201/1681	1140/1563	380/520	K/N	aaG/aaT	COSV99942143	NA	1	TTC6	HGNC	HGNC:19739	protein_coding	NA	NA	ENSP00000267368	Q86TZ1.134	NA	UPI000000CC27	Q86TZ1-1	NA	NA	NA	NA	tolerated(0.73)	benign(0)	10/12	NA	Gene3D:1.25.40.10;Pfam:PF13181;PROSITE_profiles:PS50005;PROSITE_profiles:PS50293;PANTHER:PTHR44858;PANTHER:PTHR44858:SF1;SMART:SM00028;Superfamily:SSF48452	NA	NA	NA	NA	NA	NA	NA	NA	NA	NA	NA	NA	NA	NA	NA	NA	NA	NA	NA	NA	NA	NA	NA	NA	NA	NA	NA	NA	NA	NA	NA	NA	NA	1	NA	NA	NA	NA	NA	NA	NA	MODERATE	NA	SNV	5	NA	1	NA	CCCAAGTACTC	240b67c2-8920-4f4b-b140-46dc844fe8fa	ef69dfd6-0c41-4e3f-9a21-69d748957411	4996e458-db04-4c6d-9ae6-66316240a8ed	NA	NA	N	Unknown	NA	NA	NA	muse;mutect2
ZNF839	55778	WUGSC	GRCh38	chr14	102334574	102334574	+	Silent	SNP	G	G	C	NA	NA	TCGA-DX-A8BU-01A-11D-A37C-09	TCGA-DX-A8BU-10A-01D-A37F-09	NA	NA	NA	NA	NA	NA	NA	NA	Somatic	NA	NA	NA	NA	NA	NA	330b9068-ca47-4592-88e4-6c469c5cd907	6251e219-3da3-43e1-aba3-1ab654ae4151	c.1089G>C	p.Arg363=	p.R363=	ENST00000558850	4/8	42	32	10	55	NA	NA	ZNF839,synonymous_variant,p.R479=,ENST00000442396,NM_018335.5,c.1437G>C,LOW,YES,,,1;ZNF839,synonymous_variant,p.R363=,ENST00000558850,NM_001267827.1,c.1089G>C,LOW,,,,1;ZNF839,synonymous_variant,p.R363=,ENST00000559185,NM_001267828.1,c.1089G>C,LOW,,,,1;ZNF839,synonymous_variant,p.R27=,ENST00000561251,,c.81G>C,LOW,,,,1;ZNF839,synonymous_variant,p.R77=,ENST00000559155,,c.231G>C,LOW,,,,1;ZNF839,synonymous_variant,p.R59=,ENST00000558490,,c.177G>C,LOW,,,,1;ZNF839,synonymous_variant,p.R52=,ENST00000558462,,c.156G>C,LOW,,,,1;ZNF839,5_prime_UTR_variant,,ENST00000560568,,c.-67G>C,MODIFIER,,,,1;ZNF839,upstream_gene_variant,,ENST00000560112,,,MODIFIER,,,,1;ZNF839,upstream_gene_variant,,ENST00000420933,,,MODIFIER,,,,1;ZNF839,synonymous_variant,p.R415=,ENST00000559098,,c.1245G>C,LOW,,,,1;ZNF839,upstream_gene_variant,,ENST00000557803,,,MODIFIER,,,,1	C	ENSG00000022976	ENST00000558850	Transcript	synonymous_variant	synonymous_variant	1439/2971	1089/2436	363/811	R	cgG/cgC	COSV99216164;COSV99216382	NA	1	ZNF839	HGNC	HGNC:20345	protein_coding	NA	CCDS58336.1	ENSP00000453363	A8K0R7.103	NA	UPI00015DA495	A8K0R7-1	NM_001267827.1	NA	A2	NA	NA	NA	4/8	NA	Pfam:PF15961;PANTHER:PTHR16116	NA	NA	NA	NA	NA	NA	NA	NA	NA	NA	NA	NA	NA	NA	NA	NA	NA	NA	NA	NA	NA	NA	NA	NA	NA	NA	NA	NA	NA	NA	NA	NA	NA	1;1	NA	NA	NA	NA	NA	NA	NA	LOW	NA	SNV	2	NA	1;1	NA	GACCGGGAGGA	240b67c2-8920-4f4b-b140-46dc844fe8fa	ef69dfd6-0c41-4e3f-9a21-69d748957411	4996e458-db04-4c6d-9ae6-66316240a8ed	NA	NA	N	Unknown	NA	NA	NA	muse;mutect2;varscan2
PRC1	9055	WUGSC	GRCh38	chr15	90979188	90979188	+	Silent	SNP	T	T	C	NA	NA	TCGA-DX-A8BU-01A-11D-A37C-09	TCGA-DX-A8BU-10A-01D-A37F-09	NA	NA	NA	NA	NA	NA	NA	NA	Somatic	NA	NA	NA	NA	NA	NA	330b9068-ca47-4592-88e4-6c469c5cd907	6251e219-3da3-43e1-aba3-1ab654ae4151	c.1077A>G	p.Glu359=	p.E359=	ENST00000394249	8/15	48	37	11	62	NA	NA	PRC1,synonymous_variant,p.E359=,ENST00000361188,NM_199413.3,c.1077A>G,LOW,,,,-1;PRC1,synonymous_variant,p.E359=,ENST00000394249,NM_003981.4,c.1077A>G,LOW,YES,,,-1;PRC1,synonymous_variant,p.E318=,ENST00000442656,NM_001267580.2,c.954A>G,LOW,,,,-1;PRC1,synonymous_variant,p.E51=,ENST00000559828,,c.153A>G,LOW,,,,-1;PRC1,upstream_gene_variant,,ENST00000555455,,,MODIFIER,,,,-1;PRC1,downstream_gene_variant,,ENST00000557905,,,MODIFIER,,,,-1;PRC1,downstream_gene_variant,,ENST00000559811,,,MODIFIER,,,,-1;Y_RNA,upstream_gene_variant,,ENST00000363272,,,MODIFIER,YES,,,-1;PRC1,downstream_gene_variant,,ENST00000555745,,,MODIFIER,,,,-1;PRC1,downstream_gene_variant,,ENST00000556129,,,MODIFIER,,,,-1;AC068831.6,3_prime_UTR_variant,,ENST00000643536,,c.*1040A>G,MODIFIER,YES,,,-1;AC068831.6,3_prime_UTR_variant,,ENST00000647331,,c.*1505A>G,MODIFIER,,,,-1;PRC1,non_coding_transcript_exon_variant,,ENST00000560914,,n.389A>G,MODIFIER,,,,-1;PRC1,downstream_gene_variant,,ENST00000417173,,,MODIFIER,,,,-1;PRC1,downstream_gene_variant,,ENST00000553494,,,MODIFIER,,,,-1;PRC1,downstream_gene_variant,,ENST00000555791,,,MODIFIER,,,,-1;PRC1,downstream_gene_variant,,ENST00000556982,,,MODIFIER,,,,-1;PRC1,downstream_gene_variant,,ENST00000557763,,,MODIFIER,,,,-1;PRC1,upstream_gene_variant,,ENST00000559326,,,MODIFIER,,,,-1;PRC1,downstream_gene_variant,,ENST00000560605,,,MODIFIER,,,,-1;PRC1-AS1,intron_variant,,ENST00000554388,,n.340-2767T>C,MODIFIER,,,,1;PRC1-AS1,intron_variant,,ENST00000660154,,n.343-2767T>C,MODIFIER,,,,1;PRC1-AS1,upstream_gene_variant,,ENST00000654370,,,MODIFIER,YES,,,1;PRC1-AS1,upstream_gene_variant,,ENST00000656754,,,MODIFIER,,,,1;PRC1-AS1,upstream_gene_variant,,ENST00000657141,,,MODIFIER,,,,1	C	ENSG00000198901	ENST00000394249	Transcript	synonymous_variant	synonymous_variant	1195/3072	1077/1863	359/620	E	gaA/gaG	COSV100727197	NA	-1	PRC1	HGNC	HGNC:9341	protein_coding	YES	CCDS32334.1	ENSP00000377793	O43663.166	NA	UPI00001A5ED8	O43663-1	NM_003981.4	NM_003981.4	A2	NA	NA	NA	8/15	NA	PDB-ENSP_mappings:3nrx.A;PDB-ENSP_mappings:3nrx.B;PDB-ENSP_mappings:3nry.A;PDB-ENSP_mappings:4l3i.A;PDB-ENSP_mappings:4l3i.B;PDB-ENSP_mappings:4l6y.A;PDB-ENSP_mappings:4l6y.B;PDB-ENSP_mappings:5kmg.P;PANTHER:PTHR19321;PANTHER:PTHR19321:SF1;Gene3D:1.20.58.1520;Pfam:PF03999	NA	NA	NA	NA	NA	NA	NA	NA	NA	NA	NA	NA	NA	NA	NA	NA	NA	NA	NA	NA	NA	NA	NA	NA	NA	NA	NA	NA	NA	NA	NA	NA	NA	1	NA	NA	NA	NA	NA	NA	NA	LOW	1	SNV	1	NA	1	NA	GTTTCTTCCCA	240b67c2-8920-4f4b-b140-46dc844fe8fa	ef69dfd6-0c41-4e3f-9a21-69d748957411	4996e458-db04-4c6d-9ae6-66316240a8ed	NA	NA	N	Unknown	NA	NA	NA	muse;mutect2;varscan2
ABCC1	4363	WUGSC	GRCh38	chr16	16086949	16086949	+	Silent	SNP	C	C	A	NA	NA	TCGA-DX-A8BU-01A-11D-A37C-09	TCGA-DX-A8BU-10A-01D-A37F-09	NA	NA	NA	NA	NA	NA	NA	NA	Somatic	NA	NA	NA	NA	NA	NA	330b9068-ca47-4592-88e4-6c469c5cd907	6251e219-3da3-43e1-aba3-1ab654ae4151	c.2418C>A	p.Ile806=	p.I806=	ENST00000399410	18/31	46	30	16	60	NA	NA	ABCC1,synonymous_variant,p.I806=,ENST00000399408,,c.2418C>A,LOW,YES,,,1;ABCC1,synonymous_variant,p.I806=,ENST00000399410,NM_004996.4,c.2418C>A,LOW,,,,1;ABCC1,synonymous_variant,p.I747=,ENST00000572882,,c.2241C>A,LOW,,,,1;ABCC1,intron_variant,,ENST00000677164,,c.1990-3456C>A,MODIFIER,,,,1;ABCC1,non_coding_transcript_exon_variant,,ENST00000575422,,n.658C>A,MODIFIER,,,,1;ABCC1,intron_variant,,ENST00000678422,,c.2292+3407C>A,MODIFIER,,,,1	A	ENSG00000103222	ENST00000399410	Transcript	synonymous_variant	synonymous_variant	2554/6504	2418/4596	806/1531	I	atC/atA	COSV100580102	NA	1	ABCC1	HGNC	HGNC:51	protein_coding	NA	CCDS42122.1	ENSP00000382342	P33527.207	NA	UPI00001FEEFC	P33527-1	NM_004996.4	NM_004996.4	P2	NA	NA	NA	18/31	NA	PDB-ENSP_mappings:2cbz.A;Gene3D:3.40.50.300;PDB-ENSP_mappings:4c3z.A;PROSITE_profiles:PS50893;PANTHER:PTHR24223;PANTHER:PTHR24223:SF241;SMART:SM00382;Superfamily:SSF52540;TIGRFAM:TIGR00957;CDD:cd03250	NA	NA	NA	NA	NA	NA	NA	NA	NA	NA	NA	NA	NA	NA	NA	NA	NA	NA	NA	NA	NA	NA	NA	NA	NA	NA	NA	NA	NA	NA	NA	NA	NA	1	NA	NA	NA	NA	NA	NA	NA	LOW	NA	SNV	1	NA	1	NA	CACATCTTTGA	240b67c2-8920-4f4b-b140-46dc844fe8fa	ef69dfd6-0c41-4e3f-9a21-69d748957411	4996e458-db04-4c6d-9ae6-66316240a8ed	NA	NA	N	Unknown	NA	NA	NA	muse;mutect2;varscan2
ZFHX3	463	WUGSC	GRCh38	chr16	72958984	72958984	+	Missense_Mutation	SNP	C	C	G	NA	NA	TCGA-DX-A8BU-01A-11D-A37C-09	TCGA-DX-A8BU-10A-01D-A37F-09	NA	NA	NA	NA	NA	NA	NA	NA	Somatic	NA	NA	NA	NA	NA	NA	330b9068-ca47-4592-88e4-6c469c5cd907	6251e219-3da3-43e1-aba3-1ab654ae4151	c.1162G>C	p.Glu388Gln	p.E388Q	ENST00000268489	2/10	42	35	7	32	NA	NA	ZFHX3,missense_variant,p.E388Q,ENST00000641206,,c.1162G>C,MODERATE,YES,tolerated(0.11),probably_damaging(0.963),-1;ZFHX3,missense_variant,p.E388Q,ENST00000268489,NM_006885.4,c.1162G>C,MODERATE,,tolerated(0.11),probably_damaging(0.963),-1;ZFHX3,intron_variant,,ENST00000397992,NM_001164766.2,c.-23-8019G>C,MODIFIER,,,,-1	G	ENSG00000140836	ENST00000268489	Transcript	missense_variant	missense_variant	1588/15817	1162/11112	388/3703	E/Q	Gag/Cag	COSV51714163;COSV99214117	NA	-1	ZFHX3	HGNC	HGNC:777	protein_coding	NA	CCDS10908.1	ENSP00000268489	Q15911.195	NA	UPI00001AE937	Q15911-1	NM_006885.4	NM_006885.4	P1	NA	tolerated(0.11)	probably_damaging(0.963)	2/10	NA	PANTHER:PTHR45891;PANTHER:PTHR45891:SF4	NA	NA	NA	NA	NA	NA	NA	NA	NA	NA	NA	NA	NA	NA	NA	NA	NA	NA	NA	NA	NA	NA	NA	NA	NA	NA	NA	NA	NA	NA	NA	NA	NA	1;1	NA	NA	NA	NA	NA	NA	NA	MODERATE	NA	SNV	1	NA	1;1	1	CTGCTCGGGGC	240b67c2-8920-4f4b-b140-46dc844fe8fa	ef69dfd6-0c41-4e3f-9a21-69d748957411	4996e458-db04-4c6d-9ae6-66316240a8ed	NA	NA	N	Unknown	NA	NA	NA	muse;mutect2;varscan2
CNTNAP4	85445	WUGSC	GRCh38	chr16	76448801	76448801	+	Silent	SNP	C	C	A	NA	NA	TCGA-DX-A8BU-01A-11D-A37C-09	TCGA-DX-A8BU-10A-01D-A37F-09	NA	NA	NA	NA	NA	NA	NA	NA	Somatic	NA	NA	NA	NA	NA	NA	330b9068-ca47-4592-88e4-6c469c5cd907	6251e219-3da3-43e1-aba3-1ab654ae4151	c.777C>A	p.Val259=	p.V259=	ENST00000611870	6/24	31	5	26	49	NA	NA	CNTNAP4,synonymous_variant,p.V259=,ENST00000611870,NM_033401.5&NM_001322188.2&NM_001322179.2&NM_001322178.2&NM_001322181.2,c.777C>A,LOW,,,,1;CNTNAP4,synonymous_variant,p.V259=,ENST00000307431,,c.777C>A,LOW,,,,1;CNTNAP4,synonymous_variant,p.V259=,ENST00000377504,,c.777C>A,LOW,,,,1;CNTNAP4,synonymous_variant,p.V262=,ENST00000476707,NM_001322189.2&NM_001322187.2&NM_001322180.2&NM_001322191.2,c.786C>A,LOW,YES,,,1;CNTNAP4,synonymous_variant,p.V259=,ENST00000622250,NM_001322190.2,c.777C>A,LOW,,,,1;CNTNAP4,synonymous_variant,p.V234=,ENST00000478060,NM_138994.5,c.702C>A,LOW,,,,1;AC106741.1,synonymous_variant,p.V259=,ENST00000655556,,c.777C>A,LOW,YES,,,1;CNTNAP4,non_coding_transcript_exon_variant,,ENST00000471618,,n.746C>A,MODIFIER,,,,1	A	ENSG00000152910	ENST00000611870	Transcript	synonymous_variant	synonymous_variant	1039/6263	777/3927	259/1308	V	gtC/gtA	COSV100272684	NA	1	CNTNAP4	HGNC	HGNC:18747	protein_coding	NA	CCDS73915.1	ENSP00000479811	Q9C0A0.172	NA	UPI000013DCFF	Q9C0A0-1	NM_033401.5;NM_001322188.2;NM_001322179.2;NM_001322178.2;NM_001322181.2	NM_033401.5	P4	NA	NA	NA	6/24	NA	PROSITE_profiles:PS50025;CDD:cd00110;PANTHER:PTHR15036;PANTHER:PTHR15036:SF40;Pfam:PF02210;Gene3D:2.60.120.200;SMART:SM00282;Superfamily:SSF49899	NA	NA	NA	NA	NA	NA	NA	NA	NA	NA	NA	NA	NA	NA	NA	NA	NA	NA	NA	NA	NA	NA	NA	NA	NA	NA	NA	NA	NA	NA	NA	NA	NA	1	NA	NA	NA	NA	NA	NA	NA	LOW	NA	SNV	1	NA	1	NA	CTGGTCAATCT	240b67c2-8920-4f4b-b140-46dc844fe8fa	ef69dfd6-0c41-4e3f-9a21-69d748957411	4996e458-db04-4c6d-9ae6-66316240a8ed	NA	NA	N	Unknown	NA	NA	NA	muse;mutect2;varscan2
TP53	7157	WUGSC	GRCh38	chr17	7674196	7674197	+	Frame_Shift_Ins	INS	-	-	TA	novel	NA	TCGA-DX-A8BU-01A-11D-A37C-09	TCGA-DX-A8BU-10A-01D-A37F-09	NA	NA	NA	NA	NA	NA	NA	NA	Somatic	NA	NA	NA	NA	NA	NA	330b9068-ca47-4592-88e4-6c469c5cd907	6251e219-3da3-43e1-aba3-1ab654ae4151	c.766_767insTA	p.Thr256IlefsTer90	p.T256Ifs*90	ENST00000269305	7/11	59	19	40	47	NA	NA	TP53,frameshift_variant,p.T256Ifs*96,ENST00000420246,,c.766_767insTA,HIGH,,,,-1;TP53,frameshift_variant,p.T217Ifs*96,ENST00000622645,NM_001126114.2&NM_001276696.2,c.649_650insTA,HIGH,,,,-1;TP53,frameshift_variant,p.T217Ifs*90,ENST00000610292,NM_001126118.1,c.649_650insTA,HIGH,,,,-1;TP53,frameshift_variant,p.T256Ifs*88,ENST00000455263,NM_001126113.2&NM_001276695.2,c.766_767insTA,HIGH,,,,-1;TP53,frameshift_variant,p.T217Ifs*88,ENST00000610538,,c.649_650insTA,HIGH,,,,-1;TP53,frameshift_variant,p.T217Ifs*90,ENST00000620739,,c.649_650insTA,HIGH,,,,-1;TP53,frameshift_variant,p.T256Ifs*90,ENST00000269305,NM_000546.6,c.766_767insTA,HIGH,YES,,,-1;TP53,frameshift_variant,p.T256Ifs*90,ENST00000445888,NM_001126112.2&NM_001276761.2&NM_001276760.2,c.766_767insTA,HIGH,,,,-1;TP53,frameshift_variant,p.T217Ifs*90,ENST00000619485,,c.649_650insTA,HIGH,,,,-1;TP53,frameshift_variant,p.T124Ifs*96,ENST00000510385,NM_001126116.1&NM_001276698.2,c.370_371insTA,HIGH,,,,-1;TP53,frameshift_variant,p.T97Ifs*96,ENST00000618944,,c.289_290insTA,HIGH,,,,-1;TP53,frameshift_variant,p.T124Ifs*88,ENST00000504290,,c.370_371insTA,HIGH,,,,-1;TP53,frameshift_variant,p.T97Ifs*88,ENST00000610623,NM_001126117.1&NM_001276699.2,c.289_290insTA,HIGH,,,,-1;TP53,frameshift_variant,p.T124Ifs*90,ENST00000504937,,c.370_371insTA,HIGH,,,,-1;TP53,frameshift_variant,p.T97Ifs*90,ENST00000619186,NM_001126115.1&NM_001276697.2,c.289_290insTA,HIGH,,,,-1;TP53,frameshift_variant,p.T256Ifs*97,ENST00000359597,,c.766_767insTA,HIGH,,,,-1;TP53,frameshift_variant,p.T256Ifs*14,ENST00000413465,,c.766_767insTA,HIGH,,,,-1;TP53,frameshift_variant,p.T124Ifs*?,ENST00000509690,,c.370_371insTA,HIGH,,,,-1;TP53,downstream_gene_variant,,ENST00000503591,,,MODIFIER,,,,-1;TP53,downstream_gene_variant,,ENST00000508793,,,MODIFIER,,,,-1;TP53,downstream_gene_variant,,ENST00000514944,,,MODIFIER,,,,-1;TP53,upstream_gene_variant,,ENST00000576024,,,MODIFIER,,,,-1;TP53,downstream_gene_variant,,ENST00000604348,,,MODIFIER,,,,-1;TP53,downstream_gene_variant,,ENST00000574684,,,MODIFIER,,,,-1;TP53,frameshift_variant,p.T217Ifs*90,ENST00000635293,,c.649_650insTA,HIGH,,,,-1;TP53,downstream_gene_variant,,ENST00000505014,,,MODIFIER,,,,-1	TA	ENSG00000141510	ENST00000269305	Transcript	frameshift_variant	frameshift_variant	908-909/2512	766-767/1182	256/393	T/IX	aca/aTAca	NA	NA	-1	TP53	HGNC	HGNC:11998	protein_coding	YES	CCDS11118.1	ENSP00000269305	P04637.285	K7PPA8.70	UPI000002ED67	P04637-1	NM_000546.6	NM_000546.6	P1	NA	NA	NA	7/11	NA	PDB-ENSP_mappings:1gzh.A;PDB-ENSP_mappings:1gzh.C;PDB-ENSP_mappings:1kzy.A;PDB-ENSP_mappings:1kzy.B;PDB-ENSP_mappings:1tsr.A;PDB-ENSP_mappings:1tsr.B;PDB-ENSP_mappings:1tsr.C;PDB-ENSP_mappings:1tup.A;PDB-ENSP_mappings:1tup.B;PDB-ENSP_mappings:1tup.C;PDB-ENSP_mappings:1uol.A;PDB-ENSP_mappings:1uol.B;PDB-ENSP_mappings:1ycs.A;Gene3D:2.60.40.720;PDB-ENSP_mappings:2ac0.A;PDB-ENSP_mappings:2ac0.B;PDB-ENSP_mappings:2ac0.C;PDB-ENSP_mappings:2ac0.D;PDB-ENSP_mappings:2ady.A;PDB-ENSP_mappings:2ady.B;PDB-ENSP_mappings:2ahi.A;PDB-ENSP_mappings:2ahi.B;PDB-ENSP_mappings:2ahi.C;PDB-ENSP_mappings:2ahi.D;PDB-ENSP_mappings:2ata.A;PDB-ENSP_mappings:2ata.B;PDB-ENSP_mappings:2ata.C;PDB-ENSP_mappings:2ata.D;PDB-ENSP_mappings:2bim.A;PDB-ENSP_mappings:2bim.B;PDB-ENSP_mappings:2bin.A;PDB-ENSP_mappings:2bio.A;PDB-ENSP_mappings:2bip.A;PDB-ENSP_mappings:2biq.A;PDB-ENSP_mappings:2fej.A;PDB-ENSP_mappings:2h1l.M;PDB-ENSP_mappings:2h1l.N;PDB-ENSP_mappings:2h1l.O;PDB-ENSP_mappings:2h1l.P;PDB-ENSP_mappings:2h1l.Q;PDB-ENSP_mappings:2h1l.R;PDB-ENSP_mappings:2h1l.S;PDB-ENSP_mappings:2h1l.T;PDB-ENSP_mappings:2h1l.U;PDB-ENSP_mappings:2h1l.V;PDB-ENSP_mappings:2h1l.W;PDB-ENSP_mappings:2h1l.X;PDB-ENSP_mappings:2j1w.A;PDB-ENSP_mappings:2j1w.B;PDB-ENSP_mappings:2j1x.A;PDB-ENSP_mappings:2j1x.B;PDB-ENSP_mappings:2j1y.A;PDB-ENSP_mappings:2j1y.B;PDB-ENSP_mappings:2j1y.C;PDB-ENSP_mappings:2j1y.D;PDB-ENSP_mappings:2j1z.A;PDB-ENSP_mappings:2j1z.B;PDB-ENSP_mappings:2j20.A;PDB-ENSP_mappings:2j20.B;PDB-ENSP_mappings:2j21.A;PDB-ENSP_mappings:2j21.B;PDB-ENSP_mappings:2mej.B;PDB-ENSP_mappings:2ocj.A;PDB-ENSP_mappings:2ocj.B;PDB-ENSP_mappings:2ocj.C;PDB-ENSP_mappings:2ocj.D;PDB-ENSP_mappings:2pcx.A;PDB-ENSP_mappings:2vuk.A;PDB-ENSP_mappings:2vuk.B;PDB-ENSP_mappings:2wgx.A;PDB-ENSP_mappings:2wgx.B;PDB-ENSP_mappings:2x0u.A;PDB-ENSP_mappings:2x0u.B;PDB-ENSP_mappings:2x0v.A;PDB-ENSP_mappings:2x0v.B;PDB-ENSP_mappings:2x0w.A;PDB-ENSP_mappings:2x0w.B;PDB-ENSP_mappings:2xwr.A;PDB-ENSP_mappings:2xwr.B;PDB-ENSP_mappings:2ybg.A;PDB-ENSP_mappings:2ybg.B;PDB-ENSP_mappings:2ybg.C;PDB-ENSP_mappings:2ybg.D;PDB-ENSP_mappings:3d05.A;PDB-ENSP_mappings:3d06.A;PDB-ENSP_mappings:3d07.A;PDB-ENSP_mappings:3d07.B;PDB-ENSP_mappings:3d08.A;PDB-ENSP_mappings:3d09.A;PDB-ENSP_mappings:3d0a.A;PDB-ENSP_mappings:3d0a.B;PDB-ENSP_mappings:3d0a.C;PDB-ENSP_mappings:3d0a.D;PDB-ENSP_mappings:3igk.A;PDB-ENSP_mappings:3igl.A;PDB-ENSP_mappings:3kmd.A;PDB-ENSP_mappings:3kmd.B;PDB-ENSP_mappings:3kmd.C;PDB-ENSP_mappings:3kmd.D;PDB-ENSP_mappings:3kz8.A;PDB-ENSP_mappings:3kz8.B;PDB-ENSP_mappings:3q01.A;PDB-ENSP_mappings:3q01.B;PDB-ENSP_mappings:3q05.A;PDB-ENSP_mappings:3q05.B;PDB-ENSP_mappings:3q05.C;PDB-ENSP_mappings:3q05.D;PDB-ENSP_mappings:3q06.A;PDB-ENSP_mappings:3q06.B;PDB-ENSP_mappings:3q06.C;PDB-ENSP_mappings:3q06.D;PDB-ENSP_mappings:3ts8.A;PDB-ENSP_mappings:3ts8.B;PDB-ENSP_mappings:3ts8.C;PDB-ENSP_mappings:3ts8.D;PDB-ENSP_mappings:3zme.A;PDB-ENSP_mappings:3zme.B;PDB-ENSP_mappings:4agl.A;PDB-ENSP_mappings:4agl.B;PDB-ENSP_mappings:4agm.A;PDB-ENSP_mappings:4agm.B;PDB-ENSP_mappings:4agn.A;PDB-ENSP_mappings:4agn.B;PDB-ENSP_mappings:4ago.A;PDB-ENSP_mappings:4ago.B;PDB-ENSP_mappings:4agp.A;PDB-ENSP_mappings:4agp.B;PDB-ENSP_mappings:4agq.A;PDB-ENSP_mappings:4agq.B;PDB-ENSP_mappings:4hje.A;PDB-ENSP_mappings:4hje.B;PDB-ENSP_mappings:4hje.C;PDB-ENSP_mappings:4hje.D;PDB-ENSP_mappings:4ibq.A;PDB-ENSP_mappings:4ibq.B;PDB-ENSP_mappings:4ibq.C;PDB-ENSP_mappings:4ibq.D;PDB-ENSP_mappings:4ibs.A;PDB-ENSP_mappings:4ibs.B;PDB-ENSP_mappings:4ibs.C;PDB-ENSP_mappings:4ibs.D;PDB-ENSP_mappings:4ibt.A;PDB-ENSP_mappings:4ibt.B;PDB-ENSP_mappings:4ibt.C;PDB-ENSP_mappings:4ibt.D;PDB-ENSP_mappings:4ibu.A;PDB-ENSP_mappings:4ibu.B;PDB-ENSP_mappings:4ibu.C;PDB-ENSP_mappings:4ibu.D;PDB-ENSP_mappings:4ibv.A;PDB-ENSP_mappings:4ibw.A;PDB-ENSP_mappings:4iby.A;PDB-ENSP_mappings:4iby.B;PDB-ENSP_mappings:4ibz.A;PDB-ENSP_mappings:4ibz.B;PDB-ENSP_mappings:4ibz.C;PDB-ENSP_mappings:4ibz.D;PDB-ENSP_mappings:4ijt.A;PDB-ENSP_mappings:4kvp.A;PDB-ENSP_mappings:4kvp.B;PDB-ENSP_mappings:4kvp.C;PDB-ENSP_mappings:4kvp.D;PDB-ENSP_mappings:4lo9.A;PDB-ENSP_mappings:4lo9.B;PDB-ENSP_mappings:4lo9.C;PDB-ENSP_mappings:4lo9.D;PDB-ENSP_mappings:4loe.A;PDB-ENSP_mappings:4loe.B;PDB-ENSP_mappings:4loe.C;PDB-ENSP_mappings:4loe.D;PDB-ENSP_mappings:4lof.A;PDB-ENSP_mappings:4mzi.A;PDB-ENSP_mappings:4mzr.A;PDB-ENSP_mappings:4mzr.B;PDB-ENSP_mappings:4mzr.C;PDB-ENSP_mappings:4mzr.D;PDB-ENSP_mappings:4qo1.B;PDB-ENSP_mappings:4rp6.Z;PDB-ENSP_mappings:4rp7.Z;PDB-ENSP_mappings:4xr8.C;PDB-ENSP_mappings:4xr8.D;PDB-ENSP_mappings:5a7b.A;PDB-ENSP_mappings:5a7b.B;PDB-ENSP_mappings:5ab9.A;PDB-ENSP_mappings:5ab9.B;PDB-ENSP_mappings:5aba.A;PDB-ENSP_mappings:5aba.B;PDB-ENSP_mappings:5aoi.A;PDB-ENSP_mappings:5aoi.B;PDB-ENSP_mappings:5aoj.A;PDB-ENSP_mappings:5aoj.B;PDB-ENSP_mappings:5aok.A;PDB-ENSP_mappings:5aok.B;PDB-ENSP_mappings:5aol.A;PDB-ENSP_mappings:5aol.B;PDB-ENSP_mappings:5aom.A;PDB-ENSP_mappings:5aom.B;PDB-ENSP_mappings:5bua.A;PDB-ENSP_mappings:5ecg.A;PDB-ENSP_mappings:5ecg.B;PDB-ENSP_mappings:5g4m.A;PDB-ENSP_mappings:5g4m.B;PDB-ENSP_mappings:5g4n.A;PDB-ENSP_mappings:5g4n.B;PDB-ENSP_mappings:5g4o.A;PDB-ENSP_mappings:5g4o.B;PDB-ENSP_mappings:5lap.A;PDB-ENSP_mappings:5lap.B;PDB-ENSP_mappings:5lgy.A;PDB-ENSP_mappings:5lgy.B;PDB-ENSP_mappings:5lgy.C;PDB-ENSP_mappings:5lgy.D;PDB-ENSP_mappings:5mct.A;PDB-ENSP_mappings:5mct.B;PDB-ENSP_mappings:5mcu.A;PDB-ENSP_mappings:5mcu.B;PDB-ENSP_mappings:5mcv.A;PDB-ENSP_mappings:5mcv.B;PDB-ENSP_mappings:5mcw.A;PDB-ENSP_mappings:5mcw.B;PDB-ENSP_mappings:5mf7.A;PDB-ENSP_mappings:5mf7.B;PDB-ENSP_mappings:5mg7.A;PDB-ENSP_mappings:5mg7.B;PDB-ENSP_mappings:5o1a.A;PDB-ENSP_mappings:5o1a.B;PDB-ENSP_mappings:5o1b.A;PDB-ENSP_mappings:5o1b.B;PDB-ENSP_mappings:5o1c.A;PDB-ENSP_mappings:5o1c.B;PDB-ENSP_mappings:5o1d.A;PDB-ENSP_mappings:5o1d.B;PDB-ENSP_mappings:5o1e.A;PDB-ENSP_mappings:5o1e.B;PDB-ENSP_mappings:5o1f.A;PDB-ENSP_mappings:5o1f.B;PDB-ENSP_mappings:5o1g.A;PDB-ENSP_mappings:5o1g.B;PDB-ENSP_mappings:5o1h.A;PDB-ENSP_mappings:5o1h.B;PDB-ENSP_mappings:5o1i.A;PDB-ENSP_mappings:5o1i.B;PDB-ENSP_mappings:5xzc.B;PDB-ENSP_mappings:5xzc.C;PDB-ENSP_mappings:5xzc.D;PDB-ENSP_mappings:5xzc.E;PDB-ENSP_mappings:6ff9.A;PDB-ENSP_mappings:6ff9.B;PDB-ENSP_mappings:6ff9.C;PDB-ENSP_mappings:6ff9.D;PDB-ENSP_mappings:6fj5.A;PDB-ENSP_mappings:6fj5.B;PDB-ENSP_mappings:6fj5.C;PDB-ENSP_mappings:6fj5.D;PDB-ENSP_mappings:6gga.A;PDB-ENSP_mappings:6gga.B;PDB-ENSP_mappings:6ggb.A;PDB-ENSP_mappings:6ggb.B;PDB-ENSP_mappings:6ggc.A;PDB-ENSP_mappings:6ggc.B;PDB-ENSP_mappings:6ggd.A;PDB-ENSP_mappings:6ggd.B;PDB-ENSP_mappings:6gge.A;PDB-ENSP_mappings:6gge.B;PDB-ENSP_mappings:6ggf.A;PDB-ENSP_mappings:6ggf.B;PDB-ENSP_mappings:6rz3.A;PDB-ENSP_mappings:6shz.A;PDB-ENSP_mappings:6shz.B;PDB-ENSP_mappings:6si0.A;PDB-ENSP_mappings:6si0.B;PDB-ENSP_mappings:6si1.A;PDB-ENSP_mappings:6si1.B;PDB-ENSP_mappings:6si2.A;PDB-ENSP_mappings:6si2.B;PDB-ENSP_mappings:6si3.A;PDB-ENSP_mappings:6si3.B;PDB-ENSP_mappings:6si4.A;PDB-ENSP_mappings:6si4.B;PDB-ENSP_mappings:6sl6.A;Pfam:PF00870;Prints:PR00386;PANTHER:PTHR11447;PANTHER:PTHR11447:SF6;Superfamily:SSF49417;CDD:cd08367	NA	NA	NA	NA	NA	NA	NA	NA	NA	NA	NA	NA	NA	NA	NA	NA	NA	NA	NA	NA	NA	NA	NA	NA	NA	NA	NA	NA	NA	NA	NA	NA	NA	NA	NA	NA	NA	NA	NA	NA	NA	HIGH	1	insertion	1	NA	NA	1	CCAGTGTGATG	240b67c2-8920-4f4b-b140-46dc844fe8fa	ef69dfd6-0c41-4e3f-9a21-69d748957411	4996e458-db04-4c6d-9ae6-66316240a8ed	NA	NA	N	Unknown	NA	NA	NA	mutect2;pindel;varscan2
MYH8	4626	WUGSC	GRCh38	chr17	10406070	10406070	+	Silent	SNP	C	C	T	rs779259396	NA	TCGA-DX-A8BU-01A-11D-A37C-09	TCGA-DX-A8BU-10A-01D-A37F-09	NA	NA	NA	NA	NA	NA	NA	NA	Somatic	NA	NA	NA	NA	NA	NA	330b9068-ca47-4592-88e4-6c469c5cd907	6251e219-3da3-43e1-aba3-1ab654ae4151	c.2403G>A	p.Arg801=	p.R801=	ENST00000403437	21/40	61	11	50	57	NA	NA	MYH8,synonymous_variant,p.R801=,ENST00000403437,NM_002472.3,c.2403G>A,LOW,YES,,,-1;AC005323.2,intron_variant,,ENST00000399342,,n.77-78C>T,MODIFIER,YES,,,1;AC005323.2,intron_variant,,ENST00000581304,,n.53-78C>T,MODIFIER,,,,1;MYHAS,intron_variant,,ENST00000587182,,n.65-78C>T,MODIFIER,YES,,,1	T	ENSG00000133020	ENST00000403437	Transcript	synonymous_variant	synonymous_variant	2498/6041	2403/5814	801/1937	R	agG/agA	rs779259396;COSV101238609	NA	-1	MYH8	HGNC	HGNC:7578	protein_coding	YES	CCDS11153.1	ENSP00000384330	P13535.196	NA	UPI000012FB7D	NA	NM_002472.3	NM_002472.3	P1	NA	NA	NA	21/40	NA	Gene3D:4.10.270.10;PROSITE_profiles:PS50096;PANTHER:PTHR45615;PANTHER:PTHR45615:SF35;Superfamily:SSF52540	NA	NA	NA	NA	NA	NA	NA	NA	3.978e-06	6.152e-05	0	0	0	0	0	0	0	6.152e-05	gnomAD_AFR	2.02946994249942e-05	7.30246974853799e-05	0	0	0	0	0	0	0	0	0	7.30246974853799e-05	afr	NA	0;1	NA	NA	NA	NA	NA	NA	NA	LOW	NA	SNV	5	NA	0;1	1	TCTACCCTCAT	240b67c2-8920-4f4b-b140-46dc844fe8fa	ef69dfd6-0c41-4e3f-9a21-69d748957411	4996e458-db04-4c6d-9ae6-66316240a8ed	NA	NA	N	Unknown	NA	NA	NA	muse;mutect2;varscan2
OR4D1	26689	WUGSC	GRCh38	chr17	58155313	58155313	+	Missense_Mutation	SNP	C	C	T	rs765156938	NA	TCGA-DX-A8BU-01A-11D-A37C-09	TCGA-DX-A8BU-10A-01D-A37F-09	NA	NA	NA	NA	NA	NA	NA	NA	Somatic	NA	NA	NA	NA	NA	NA	330b9068-ca47-4592-88e4-6c469c5cd907	6251e219-3da3-43e1-aba3-1ab654ae4151	c.160C>T	p.Arg54Trp	p.R54W	ENST00000268912	1/1	98	79	19	75	NA	NA	OR4D1,missense_variant,p.R54W,ENST00000641449,,c.160C>T,MODERATE,YES,deleterious(0.02),benign(0.028),1;OR4D1,missense_variant,p.R54W,ENST00000268912,NM_012374.1,c.160C>T,MODERATE,,deleterious(0.02),benign(0.028),1;MSX2P1,upstream_gene_variant,,ENST00000584100,,,MODIFIER,YES,,,1	T	ENSG00000141194	ENST00000268912	Transcript	missense_variant	missense_variant	181/1024	160/933	54/310	R/W	Cgg/Tgg	rs765156938;COSV99274260	NA	1	OR4D1	HGNC	HGNC:8293	protein_coding	NA	CCDS42365.1	ENSP00000365451	Q15615.161	NA	UPI0000041E8C	NA	NM_012374.1	NA	P1	NA	deleterious(0.02)	benign(0.028)	1/1	NA	Gene3D:1.20.1070.10;Pfam:PF13853;PROSITE_profiles:PS50262;PANTHER:PTHR26451;PANTHER:PTHR26451:SF930;Superfamily:SSF81321;CDD:cd15936	NA	NA	NA	NA	NA	NA	NA	NA	2.399e-05	0.000129	2.893e-05	0	0.0001098	0	8.817e-06	0	0	0.000129	gnomAD_AFR	4.06653016398195e-05	9.80055992840789e-05	0	0	0	0.00020202000450808	0	0	1.54382996697677e-05	0	0	9.80055992840789e-05	afr	NA	0;1	NA	NA	NA	NA	NA	NA	NA	MODERATE	NA	SNV	NA	NA	0;1	NA	ACTGCCGGCTC	240b67c2-8920-4f4b-b140-46dc844fe8fa	ef69dfd6-0c41-4e3f-9a21-69d748957411	4996e458-db04-4c6d-9ae6-66316240a8ed	NA	NA	N	Unknown	NA	NA	NA	muse;mutect2;varscan2
CABYR	26256	WUGSC	GRCh38	chr18	24159568	24159568	+	Intron	SNP	C	C	T	rs143686609	NA	TCGA-DX-A8BU-01A-11D-A37C-09	TCGA-DX-A8BU-10A-01D-A37F-09	NA	NA	NA	NA	NA	NA	NA	NA	Somatic	NA	NA	NA	NA	NA	NA	330b9068-ca47-4592-88e4-6c469c5cd907	6251e219-3da3-43e1-aba3-1ab654ae4151	c.*17-378C>T	NA	NA	ENST00000463087	NA	36	3	33	55	NA	NA	CABYR,missense_variant,p.P213L,ENST00000399496,NM_153769.3,c.638C>T,MODERATE,,tolerated(0.14),benign(0.091),1;CABYR,missense_variant,p.P213L,ENST00000399499,NM_138644.2,c.638C>T,MODERATE,,tolerated(0.14),benign(0.091),1;CABYR,missense_variant,p.P115L,ENST00000327201,NM_138643.3,c.344C>T,MODERATE,,tolerated(0.12),benign(0.091),1;CABYR,missense_variant,p.P195L,ENST00000581397,,c.584C>T,MODERATE,,tolerated(0.23),unknown(0),1;CABYR,3_prime_UTR_variant,,ENST00000399481,NM_153768.3,c.*113C>T,MODIFIER,,,,1;CABYR,3_prime_UTR_variant,,ENST00000621648,NM_012189.4,c.*113C>T,MODIFIER,YES,,,1;CABYR,3_prime_UTR_variant,,ENST00000627314,NM_001308231.1,c.*113C>T,MODIFIER,,,,1;CABYR,intron_variant,,ENST00000415309,NM_153770.3,c.542-378C>T,MODIFIER,,,,1;CABYR,intron_variant,,ENST00000463087,,c.*17-378C>T,MODIFIER,,,,1;CABYR,intron_variant,,ENST00000486759,,c.*17-1948C>T,MODIFIER,,,,1;CABYR,intron_variant,,ENST00000582229,,c.*17-375C>T,MODIFIER,,,,1;OSBPL1A,downstream_gene_variant,,ENST00000319481,NM_080597.4,,MODIFIER,YES,,,-1;OSBPL1A,downstream_gene_variant,,ENST00000357041,NM_001242508.1,,MODIFIER,,,,-1;OSBPL1A,downstream_gene_variant,,ENST00000399443,NM_018030.4,,MODIFIER,,,,-1;CABYR,downstream_gene_variant,,ENST00000577705,,,MODIFIER,,,,1;OSBPL1A,downstream_gene_variant,,ENST00000578013,,,MODIFIER,,,,-1;CABYR,downstream_gene_variant,,ENST00000579102,,,MODIFIER,,,,1;CABYR,downstream_gene_variant,,ENST00000585037,,,MODIFIER,,,,1;CABYR,upstream_gene_variant,,ENST00000625720,,,MODIFIER,,,,1;CABYR,downstream_gene_variant,,ENST00000631138,,,MODIFIER,,,,1;CABYR,downstream_gene_variant,,ENST00000581872,,,MODIFIER,,,,1;CABYR,downstream_gene_variant,,ENST00000584752,,,MODIFIER,,,,1;AC090772.3,non_coding_transcript_exon_variant,,ENST00000583267,,n.676G>A,MODIFIER,YES,,,-1	T	ENSG00000154040	ENST00000463087	Transcript	intron_variant	intron_variant	NA	NA	NA	NA	NA	rs143686609	NA	1	CABYR	HGNC	HGNC:15569	protein_coding	NA	CCDS11881.1	ENSP00000432870	O75952.166	A0A024RC21.50	UPI000013DD85	O75952-1	NA	NA	P4	NA	NA	NA	NA	4/5	NA	NA	NA	NA	NA	NA	NA	0.0006809	0	1.193e-05	0.0001845	0	0	0	0	0	0	0	0.0006809	AA	0.00013533599849324	0.00046282800030894	0	0	0	0	0	0	0	0	0.00020911800675094	0.00046282800030894	afr	NA	NA	NA	NA	NA	NA	NA	NA	NA	MODIFIER	NA	SNV	5	NA	NA	NA	ATCACCGCCAC	240b67c2-8920-4f4b-b140-46dc844fe8fa	ef69dfd6-0c41-4e3f-9a21-69d748957411	4996e458-db04-4c6d-9ae6-66316240a8ed	NA	NA	N	Unknown	NA	NA	NA	muse;mutect2;varscan2
MUC16	94025	WUGSC	GRCh38	chr19	8936660	8936660	+	Missense_Mutation	SNP	G	G	C	NA	NA	TCGA-DX-A8BU-01A-11D-A37C-09	TCGA-DX-A8BU-10A-01D-A37F-09	NA	NA	NA	NA	NA	NA	NA	NA	Somatic	NA	NA	NA	NA	NA	NA	330b9068-ca47-4592-88e4-6c469c5cd907	6251e219-3da3-43e1-aba3-1ab654ae4151	c.34295C>G	p.Thr11432Arg	p.T11432R	ENST00000397910	5/84	73	66	7	48	NA	NA	MUC16,missense_variant,p.T11432R,ENST00000397910,NM_024690.2,c.34295C>G,MODERATE,YES,deleterious_low_confidence(0),probably_damaging(0.998),-1	C	ENSG00000181143	ENST00000397910	Transcript	missense_variant	missense_variant	34499/43816	34295/43524	11432/14507	T/R	aCa/aGa	COSV101199983;COSV67495350	NA	-1	MUC16	HGNC	HGNC:15582	protein_coding	YES	CCDS54212.1	ENSP00000381008	Q8WXI7.134	NA	UPI000065CA24	NA	NM_024690.2	NA	P1	NA	deleterious_low_confidence(0)	probably_damaging(0.998)	5/84	NA	PANTHER:PTHR14672	NA	NA	NA	NA	NA	NA	NA	NA	NA	NA	NA	NA	NA	NA	NA	NA	NA	NA	NA	NA	NA	NA	NA	NA	NA	NA	NA	NA	NA	NA	NA	NA	NA	1;1	NA	NA	NA	NA	NA	NA	NA	MODERATE	1	SNV	5	NA	1;1	1	AGGTTGTGGTC	240b67c2-8920-4f4b-b140-46dc844fe8fa	ef69dfd6-0c41-4e3f-9a21-69d748957411	4996e458-db04-4c6d-9ae6-66316240a8ed	NA	COSM3542002;COSM3542003	N	Unknown	NA	NA	NA	muse;mutect2;varscan2
OR7C2	26658	WUGSC	GRCh38	chr19	14942020	14942020	+	Missense_Mutation	SNP	T	T	G	NA	NA	TCGA-DX-A8BU-01A-11D-A37C-09	TCGA-DX-A8BU-10A-01D-A37F-09	NA	NA	NA	NA	NA	NA	NA	NA	Somatic	NA	NA	NA	NA	NA	NA	330b9068-ca47-4592-88e4-6c469c5cd907	6251e219-3da3-43e1-aba3-1ab654ae4151	c.532T>G	p.Phe178Val	p.F178V	ENST00000248072	1/1	96	91	5	79	NA	NA	OR7C2,missense_variant,p.F178V,ENST00000248072,NM_012377.1,c.532T>G,MODERATE,YES,deleterious_low_confidence(0.01),possibly_damaging(0.9),1	G	ENSG00000127529	ENST00000248072	Transcript	missense_variant	missense_variant	532/960	532/960	178/319	F/V	Ttt/Gtt	COSV99934604	NA	1	OR7C2	HGNC	HGNC:8374	protein_coding	YES	CCDS12320.1	ENSP00000248072	O60412.154	NA	UPI0000041E80	NA	NM_012377.1	NM_012377.1	P1	NA	deleterious_low_confidence(0.01)	possibly_damaging(0.9)	1/1	NA	PROSITE_profiles:PS50262;CDD:cd15234;PANTHER:PTHR26451:SF307;PANTHER:PTHR26451;Pfam:PF13853;Gene3D:1.20.1070.10;Superfamily:SSF81321;Prints:PR00245	NA	NA	NA	NA	NA	NA	NA	NA	NA	NA	NA	NA	NA	NA	NA	NA	NA	NA	NA	NA	NA	NA	NA	NA	NA	NA	NA	NA	NA	NA	NA	NA	NA	1	NA	NA	NA	NA	NA	NA	NA	MODERATE	1	SNV	NA	NA	1	NA	ACTTTTTTTGT	240b67c2-8920-4f4b-b140-46dc844fe8fa	ef69dfd6-0c41-4e3f-9a21-69d748957411	4996e458-db04-4c6d-9ae6-66316240a8ed	NA	NA	N	Unknown	NA	NA	NA	muse;mutect2
GMIP	51291	WUGSC	GRCh38	chr19	19635192	19635192	+	Missense_Mutation	SNP	G	G	A	rs896559833	NA	TCGA-DX-A8BU-01A-11D-A37C-09	TCGA-DX-A8BU-10A-01D-A37F-09	NA	NA	NA	NA	NA	NA	NA	NA	Somatic	NA	NA	NA	NA	NA	NA	330b9068-ca47-4592-88e4-6c469c5cd907	6251e219-3da3-43e1-aba3-1ab654ae4151	c.1582C>T	p.Arg528Cys	p.R528C	ENST00000203556	16/21	48	31	17	21	NA	NA	GMIP,missense_variant,p.R528C,ENST00000203556,NM_016573.4,c.1582C>T,MODERATE,YES,deleterious(0),probably_damaging(0.974),-1;GMIP,missense_variant,p.R502C,ENST00000587238,NM_001288998.2&NM_001288999.2,c.1504C>T,MODERATE,,deleterious(0),probably_damaging(0.948),-1;GMIP,missense_variant,p.R272C,ENST00000593186,,c.814C>T,MODERATE,,deleterious(0),probably_damaging(1),-1;GMIP,non_coding_transcript_exon_variant,,ENST00000586269,,n.148C>T,MODIFIER,,,,-1;GMIP,non_coding_transcript_exon_variant,,ENST00000587713,,n.653C>T,MODIFIER,,,,-1;GMIP,downstream_gene_variant,,ENST00000588171,,,MODIFIER,,,,-1;GMIP,downstream_gene_variant,,ENST00000591047,,,MODIFIER,,,,-1	A	ENSG00000089639	ENST00000203556	Transcript	missense_variant	missense_variant	1710/3528	1582/2913	528/970	R/C	Cgc/Tgc	rs896559833;COSV52557345	NA	-1	GMIP	HGNC	HGNC:24852	protein_coding	YES	CCDS12408.1	ENSP00000203556	Q9P107.148	A0A024R7N1.42	UPI0000203862	Q9P107-1	NM_016573.4	NM_016573.4	P2	NA	deleterious(0)	probably_damaging(0.974)	16/21	NA	PROSITE_profiles:PS50081;PANTHER:PTHR15228;PANTHER:PTHR15228:SF16;PROSITE_patterns:PS00479;Gene3D:3.30.60.20;SMART:SM00109;Superfamily:SSF57889	NA	NA	NA	NA	NA	NA	NA	NA	4.04e-06	0	0	0	0	0	8.963e-06	0	0	8.963e-06	gnomAD_NFE	6.76004992783419e-06	0	0	0	0	0	0	0	1.54316003317945e-05	0	0	NA	NA	NA	0;1	NA	NA	NA	NA	NA	NA	NA	MODERATE	1	SNV	1	NA	0;1	NA	GCAGCGCTTGT	240b67c2-8920-4f4b-b140-46dc844fe8fa	ef69dfd6-0c41-4e3f-9a21-69d748957411	4996e458-db04-4c6d-9ae6-66316240a8ed	NA	COSM4442435	N	Unknown	NA	NA	NA	muse;mutect2;varscan2
ZNF569	148266	WUGSC	GRCh38	chr19	37414333	37414333	+	Missense_Mutation	SNP	C	C	T	rs1367912384	NA	TCGA-DX-A8BU-01A-11D-A37C-09	TCGA-DX-A8BU-10A-01D-A37F-09	NA	NA	NA	NA	NA	NA	NA	NA	Somatic	NA	NA	NA	NA	NA	NA	330b9068-ca47-4592-88e4-6c469c5cd907	6251e219-3da3-43e1-aba3-1ab654ae4151	c.325G>A	p.Glu109Lys	p.E109K	ENST00000316950	6/6	58	51	7	33	NA	NA	ZNF569,missense_variant,p.E133K,ENST00000448051,,c.397G>A,MODERATE,YES,tolerated(0.92),benign(0),-1;ZNF569,missense_variant,p.E109K,ENST00000316950,NM_152484.3,c.325G>A,MODERATE,,tolerated(0.98),benign(0),-1;ZNF569,missense_variant,p.E109K,ENST00000392149,,c.325G>A,MODERATE,,tolerated(0.98),benign(0),-1;ZNF569,5_prime_UTR_variant,,ENST00000392150,NM_001330482.2,c.-153G>A,MODIFIER,,,,-1;ZNF569,3_prime_UTR_variant,,ENST00000592490,,c.*36G>A,MODIFIER,,,,-1	T	ENSG00000196437	ENST00000316950	Transcript	missense_variant	missense_variant	890/4066	325/2061	109/686	E/K	Gaa/Aaa	rs1367912384;COSV57594327	NA	-1	ZNF569	HGNC	HGNC:24737	protein_coding	NA	CCDS12503.1	ENSP00000325018	Q5MCW4.137	A0A024R0G4.48	UPI0000202203	Q5MCW4-1	NM_152484.3	NM_152484.3	P4	NA	tolerated(0.98)	benign(0)	6/6	NA	PANTHER:PTHR24377;PANTHER:PTHR24377:SF669	NA	NA	NA	NA	NA	NA	NA	NA	0	0	0	0	0	0	0	0	0	0	gnomAD_AFR;gnomAD_AMR;gnomAD_ASJ;gnomAD_EAS;gnomAD_FIN;gnomAD_NFE;gnomAD_OTH;gnomAD_SAS	NA	NA	NA	NA	NA	NA	NA	NA	NA	NA	NA	NA	NA	NA	0;1	NA	NA	NA	NA	NA	NA	NA	MODERATE	NA	SNV	1	NA	0;1	NA	TTCTTCAGTCA	240b67c2-8920-4f4b-b140-46dc844fe8fa	ef69dfd6-0c41-4e3f-9a21-69d748957411	4996e458-db04-4c6d-9ae6-66316240a8ed	NA	NA	N	Unknown	NA	NA	NA	muse;mutect2;varscan2
SIGLEC5	8778	WUGSC	GRCh38	chr19	51627174	51627174	+	Missense_Mutation	SNP	A	A	T	NA	NA	TCGA-DX-A8BU-01A-11D-A37C-09	TCGA-DX-A8BU-10A-01D-A37F-09	NA	NA	NA	NA	NA	NA	NA	NA	Somatic	NA	NA	NA	NA	NA	NA	330b9068-ca47-4592-88e4-6c469c5cd907	6251e219-3da3-43e1-aba3-1ab654ae4151	c.1357T>A	p.Cys453Ser	p.C453S	ENST00000534261	8/10	42	21	21	41	NA	NA	SIGLEC5,missense_variant,p.C453S,ENST00000534261,NM_003830.3,c.1357T>A,MODERATE,YES,tolerated(0.07),benign(0.031),-1;AC018755.2,missense_variant,p.C453S,ENST00000429354,,c.1357T>A,MODERATE,YES,tolerated(0.07),benign(0.031),-1;AC018755.2,missense_variant,p.C453S,ENST00000599649,,c.1357T>A,MODERATE,,tolerated(0.07),benign(0.031),-1	T	ENSG00000105501	ENST00000534261	Transcript	missense_variant	missense_variant	1757/2360	1357/1656	453/551	C/S	Tgt/Agt	COSV99707789	NA	-1	SIGLEC5	HGNC	HGNC:10874	protein_coding	YES	CCDS33088.1	ENSP00000473238	O15389.170	NA	UPI000011B40C	NA	NM_003830.3	NA	P1	NA	tolerated(0.07)	benign(0.031)	8/10	NA	Low_complexity_(Seg):seg;Transmembrane_helices:TMhelix;PANTHER:PTHR12035:SF103;PANTHER:PTHR12035	NA	NA	NA	NA	NA	NA	NA	NA	NA	NA	NA	NA	NA	NA	NA	NA	NA	NA	NA	NA	NA	NA	NA	NA	NA	NA	NA	NA	NA	NA	NA	NA	NA	1	NA	NA	NA	NA	NA	NA	NA	MODERATE	NA	SNV	5	NA	1	NA	CAGACAGATAC	240b67c2-8920-4f4b-b140-46dc844fe8fa	ef69dfd6-0c41-4e3f-9a21-69d748957411	4996e458-db04-4c6d-9ae6-66316240a8ed	NA	NA	N	Unknown	NA	NA	NA	muse;mutect2;varscan2
KIR3DL2	3812	WUGSC	GRCh38	chr19	54855824	54855824	+	Silent	SNP	C	C	T	rs775340833	NA	TCGA-DX-A8BU-01A-11D-A37C-09	TCGA-DX-A8BU-10A-01D-A37F-09	NA	NA	NA	NA	NA	NA	NA	NA	Somatic	NA	NA	NA	NA	NA	NA	330b9068-ca47-4592-88e4-6c469c5cd907	6251e219-3da3-43e1-aba3-1ab654ae4151	c.861C>T	p.His287=	p.H287=	ENST00000326321	5/9	133	121	12	133	NA	NA	KIR3DL2,synonymous_variant,p.H287=,ENST00000326321,NM_006737.4,c.861C>T,LOW,YES,,,1;KIR3DL2,synonymous_variant,p.H287=,ENST00000270442,NM_001242867.2,c.861C>T,LOW,,,,1	T	ENSG00000240403	ENST00000326321	Transcript	synonymous_variant	synonymous_variant	894/1877	861/1368	287/455	H	caC/caT	rs775340833	NA	1	KIR3DL2	HGNC	HGNC:6339	protein_coding	YES	CCDS12906.1	ENSP00000325525	P43630.188	A0A0U1WNF3.34	UPI000012DB25	P43630-1	NM_006737.4	NM_006737.4	P4	NA	NA	NA	5/9	NA	PANTHER:PTHR11738;PANTHER:PTHR11738:SF166;Gene3D:2.60.40.10;Pfam:PF00047;SMART:SM00409;Superfamily:SSF48726	NA	NA	NA	NA	NA	NA	NA	NA	7.46e-05	0	0	0	0	0	0	0	0.0005102	0.0005102	gnomAD_SAS	NA	NA	NA	NA	NA	NA	NA	NA	NA	NA	NA	NA	NA	NA	NA	NA	NA	NA	NA	NA	NA	NA	LOW	1	SNV	1	NA	NA	NA	ACCCACGGAGG	240b67c2-8920-4f4b-b140-46dc844fe8fa	ef69dfd6-0c41-4e3f-9a21-69d748957411	4996e458-db04-4c6d-9ae6-66316240a8ed	NA	NA	N	Unknown	NA	NA	NA	muse;mutect2;varscan2
SLC52A3	113278	WUGSC	GRCh38	chr20	765731	765731	+	Missense_Mutation	SNP	C	C	A	NA	NA	TCGA-DX-A8BU-01A-11D-A37C-09	TCGA-DX-A8BU-10A-01D-A37F-09	NA	NA	NA	NA	NA	NA	NA	NA	Somatic	NA	NA	NA	NA	NA	NA	330b9068-ca47-4592-88e4-6c469c5cd907	6251e219-3da3-43e1-aba3-1ab654ae4151	c.44G>T	p.Gly15Val	p.G15V	ENST00000217254	3/6	28	20	8	33	NA	NA	SLC52A3,missense_variant,p.G15V,ENST00000381944,,c.44G>T,MODERATE,,deleterious(0),probably_damaging(0.996),-1;SLC52A3,missense_variant,p.G15V,ENST00000488495,,c.44G>T,MODERATE,YES,deleterious(0),probably_damaging(0.983),-1;SLC52A3,missense_variant,p.G15V,ENST00000675066,,c.44G>T,MODERATE,,deleterious(0),possibly_damaging(0.771),-1;SLC52A3,missense_variant,p.G15V,ENST00000217254,NM_001370085.1&NM_001370086.1,c.44G>T,MODERATE,,deleterious(0),probably_damaging(0.983),-1;SLC52A3,missense_variant,p.G15V,ENST00000645534,NM_033409.4,c.44G>T,MODERATE,,deleterious(0),probably_damaging(0.983),-1;SLC52A3,missense_variant,p.G15V,ENST00000473664,,c.44G>T,MODERATE,,deleterious(0.01),benign(0.372),-1;SLC52A3,missense_variant,p.G15V,ENST00000674666,,c.44G>T,MODERATE,,deleterious(0),probably_damaging(0.983),-1;SLC52A3,missense_variant,p.G15V,ENST00000676154,,c.44G>T,MODERATE,,deleterious(0),probably_damaging(0.983),-1;SLC52A3,downstream_gene_variant,,ENST00000675466,,,MODIFIER,,,,-1	A	ENSG00000101276	ENST00000217254	Transcript	missense_variant	missense_variant	342/2654	44/1410	15/469	G/V	gGc/gTc	CM161104;COSV99448246	NA	-1	SLC52A3	HGNC	HGNC:16187	protein_coding	NA	CCDS13007.1	ENSP00000217254	Q9NQ40.152	NA	UPI000002A74E	Q9NQ40-1	NM_001370085.1;NM_001370086.1	NA	P2	NA	deleterious(0)	probably_damaging(0.983)	3/6	NA	PANTHER:PTHR12929;PANTHER:PTHR12929:SF4;Transmembrane_helices:TMhelix	NA	NA	NA	NA	NA	NA	NA	NA	NA	NA	NA	NA	NA	NA	NA	NA	NA	NA	NA	NA	NA	NA	NA	NA	NA	NA	NA	NA	NA	NA	NA	NA	NA	0;1	NA	NA	NA	NA	NA	NA	NA	MODERATE	NA	SNV	5	NA	1;1	1	AGGAGCCCATT	240b67c2-8920-4f4b-b140-46dc844fe8fa	ef69dfd6-0c41-4e3f-9a21-69d748957411	4996e458-db04-4c6d-9ae6-66316240a8ed	NA	NA	N	Unknown	NA	NA	NA	muse;mutect2;varscan2
PCSK2	5126	WUGSC	GRCh38	chr20	17358410	17358410	+	Silent	SNP	C	C	T	rs775687454	NA	TCGA-DX-A8BU-01A-11D-A37C-09	TCGA-DX-A8BU-10A-01D-A37F-09	NA	NA	NA	NA	NA	NA	NA	NA	Somatic	NA	NA	NA	NA	NA	NA	330b9068-ca47-4592-88e4-6c469c5cd907	6251e219-3da3-43e1-aba3-1ab654ae4151	c.366C>T	p.Asn122=	p.N122=	ENST00000262545	3/12	41	34	7	66	NA	NA	PCSK2,synonymous_variant,p.N122=,ENST00000262545,NM_002594.5,c.366C>T,LOW,YES,,,1;PCSK2,synonymous_variant,p.N103=,ENST00000377899,NM_001201528.1,c.309C>T,LOW,,,,1;PCSK2,synonymous_variant,p.N87=,ENST00000536609,NM_001201529.3,c.261C>T,LOW,,,,1;PCSK2,non_coding_transcript_exon_variant,,ENST00000470007,,n.361C>T,MODIFIER,,,,1	T	ENSG00000125851	ENST00000262545	Transcript	synonymous_variant	synonymous_variant	632/4691	366/1917	122/638	N	aaC/aaT	rs775687454;COSV52743824	NA	1	PCSK2	HGNC	HGNC:8744	protein_coding	YES	CCDS13125.1	ENSP00000262545	P16519.193	NA	UPI0000000C6E	P16519-1	NM_002594.5	NM_002594.5	P1	NA	NA	NA	3/12	NA	CDD:cd04059;PANTHER:PTHR42884;PANTHER:PTHR42884:SF13;Superfamily:SSF52743	NA	NA	NA	NA	NA	NA	NA	NA	4.38e-05	0.0003076	0	0	0	0	4.404e-05	0	3.267e-05	0.0003076	gnomAD_AFR	0.00012169100227765	0.00038912400486879	0	0	0	0	0	0	3.08603994199075e-05	0	0	0.00038912400486879	afr	NA	0;1	NA	NA	NA	NA	NA	NA	NA	LOW	1	SNV	1	NA	0;1	NA	ATGAACGATCC	240b67c2-8920-4f4b-b140-46dc844fe8fa	ef69dfd6-0c41-4e3f-9a21-69d748957411	4996e458-db04-4c6d-9ae6-66316240a8ed	NA	COSM5343545	N	Unknown	NA	NA	NA	muse;mutect2;varscan2
ACR	49	WUGSC	GRCh38	chr22	50744941	50744941	+	Missense_Mutation	SNP	C	C	T	rs769069119	NA	TCGA-DX-A8BU-01A-11D-A37C-09	TCGA-DX-A8BU-10A-01D-A37F-09	NA	NA	NA	NA	NA	NA	NA	NA	Somatic	NA	NA	NA	NA	NA	NA	330b9068-ca47-4592-88e4-6c469c5cd907	6251e219-3da3-43e1-aba3-1ab654ae4151	c.1000C>T	p.Pro334Ser	p.P334S	ENST00000216139	5/5	34	26	8	26	NA	NA	ACR,missense_variant,p.P334S,ENST00000216139,NM_001097.3,c.1000C>T,MODERATE,YES,tolerated(0.08),benign(0.009),1;ACR,downstream_gene_variant,,ENST00000529621,,,MODIFIER,,,,1;ACR,downstream_gene_variant,,ENST00000527761,,,MODIFIER,,,,1;ACR,downstream_gene_variant,,ENST00000533930,,,MODIFIER,,,,1;AC002056.2,upstream_gene_variant,,ENST00000532913,,,MODIFIER,YES,,,-1	T	ENSG00000100312	ENST00000216139	Transcript	missense_variant	missense_variant	1032/1430	1000/1266	334/421	P/S	Cca/Tca	rs769069119;COSV99334528	NA	1	ACR	HGNC	HGNC:126	protein_coding	YES	CCDS14101.1	ENSP00000216139	P10323.201	NA	UPI00001AE5ED	NA	NM_001097.3	NM_001097.3	P1	NA	tolerated(0.08)	benign(0.009)	5/5	NA	Low_complexity_(Seg):seg;PIRSF:PIRSF001141	NA	NA	NA	NA	NA	NA	NA	NA	5.678e-06	0	3.271e-05	0	0	0	0	0	0	3.271e-05	gnomAD_AMR	NA	NA	NA	NA	NA	NA	NA	NA	NA	NA	NA	NA	NA	NA	0;1	NA	NA	NA	NA	NA	NA	NA	MODERATE	1	SNV	1	NA	0;1	NA	CTCGACCACTT	240b67c2-8920-4f4b-b140-46dc844fe8fa	ef69dfd6-0c41-4e3f-9a21-69d748957411	4996e458-db04-4c6d-9ae6-66316240a8ed	NA	NA	N	Unknown	NA	NA	NA	muse;mutect2
ARSL	415	WUGSC	GRCh38	chrX	2958378	2958378	+	Silent	SNP	T	T	C	NA	NA	TCGA-DX-A8BU-01A-11D-A37C-09	TCGA-DX-A8BU-10A-01D-A37F-09	NA	NA	NA	NA	NA	NA	NA	NA	Somatic	NA	NA	NA	NA	NA	NA	330b9068-ca47-4592-88e4-6c469c5cd907	6251e219-3da3-43e1-aba3-1ab654ae4151	c.81A>G	p.Pro27=	p.P27=	ENST00000381134	3/11	41	30	11	12	NA	NA	ARSL,synonymous_variant,p.P27=,ENST00000672097,,c.81A>G,LOW,,,,-1;ARSL,synonymous_variant,p.P27=,ENST00000381134,NM_000047.3,c.81A>G,LOW,,,,-1;ARSL,synonymous_variant,p.P52=,ENST00000672027,NM_001369080.1,c.156A>G,LOW,YES,,,-1;ARSL,synonymous_variant,p.P52=,ENST00000545496,NM_001282628.1,c.156A>G,LOW,,,,-1;ARSL,synonymous_variant,p.P27=,ENST00000438544,,c.81A>G,LOW,,,,-1;ARSL,synonymous_variant,p.P27=,ENST00000672606,,c.81A>G,LOW,,,,-1;ARSL,intron_variant,,ENST00000540563,NM_001369079.1,c.50+2000A>G,MODIFIER,,,,-1;ARSL,intron_variant,,ENST00000672761,NM_001282631.2,c.23+2000A>G,MODIFIER,,,,-1;ARSL,intron_variant,,ENST00000673032,,c.23+2000A>G,MODIFIER,,,,-1	C	ENSG00000157399	ENST00000381134	Transcript	synonymous_variant	synonymous_variant	219/2219	81/1770	27/589	P	ccA/ccG	COSV101140705	NA	-1	ARSL	HGNC	HGNC:719	protein_coding	NA	CCDS14122.1	ENSP00000370526	P51690.167	NA	UPI000049E10C	NA	NM_000047.3	NM_000047.3	P4	NA	NA	NA	3/11	NA	Low_complexity_(Seg):seg;Cleavage_site_(Signalp):SignalP-noTM;PANTHER:PTHR42693;PANTHER:PTHR42693:SF5	NA	NA	NA	NA	NA	NA	NA	NA	NA	NA	NA	NA	NA	NA	NA	NA	NA	NA	NA	NA	NA	NA	NA	NA	NA	NA	NA	NA	NA	NA	NA	NA	NA	1	NA	NA	NA	NA	NA	NA	NA	LOW	NA	SNV	1	NA	1	1	GCTGATGGTGC	240b67c2-8920-4f4b-b140-46dc844fe8fa	ef69dfd6-0c41-4e3f-9a21-69d748957411	4996e458-db04-4c6d-9ae6-66316240a8ed	NA	NA	N	Unknown	NA	NA	NA	muse;mutect2;varscan2
PAGE5	90737	WUGSC	GRCh38	chrX	55221823	55221823	+	Silent	SNP	G	G	A	NA	NA	TCGA-DX-A8BU-01A-11D-A37C-09	TCGA-DX-A8BU-10A-01D-A37F-09	NA	NA	NA	NA	NA	NA	NA	NA	Somatic	NA	NA	NA	NA	NA	NA	330b9068-ca47-4592-88e4-6c469c5cd907	6251e219-3da3-43e1-aba3-1ab654ae4151	c.198G>A	p.Gln66=	p.Q66=	ENST00000289619	3/5	60	2	58	42	NA	NA	PAGE5,splice_region_variant,p.Q46=,ENST00000374952,,c.138G>A,LOW,,,,1;PAGE5,synonymous_variant,p.Q66=,ENST00000289619,NM_130467.5,c.198G>A,LOW,YES,,,1;PAGE5,synonymous_variant,p.Q46=,ENST00000374955,NM_001013435.3,c.138G>A,LOW,,,,1	A	ENSG00000158639	ENST00000289619	Transcript	synonymous_variant	synonymous_variant	443/741	198/393	66/130	Q	caG/caA	COSV99215828	NA	1	PAGE5	HGNC	HGNC:29992	protein_coding	YES	CCDS14368.1	ENSP00000289619	Q96GU1.126	NA	UPI0000071A52	Q96GU1-1	NM_130467.5	NA	A2	NA	NA	NA	3/5	NA	MobiDB_lite:mobidb-lite;PANTHER:PTHR14047:SF34;PANTHER:PTHR14047;Pfam:PF05831;SMART:SM01379	NA	NA	NA	NA	NA	NA	NA	NA	NA	NA	NA	NA	NA	NA	NA	NA	NA	NA	NA	NA	NA	NA	NA	NA	NA	NA	NA	NA	NA	NA	NA	NA	NA	1	NA	NA	NA	NA	NA	NA	NA	LOW	1	SNV	1	NA	1	NA	AATCAGGGTAT	240b67c2-8920-4f4b-b140-46dc844fe8fa	ef69dfd6-0c41-4e3f-9a21-69d748957411	4996e458-db04-4c6d-9ae6-66316240a8ed	NA	NA	N	Unknown	NA	NA	NA	muse;mutect2;varscan2
ATRX	546	WUGSC	GRCh38	chrX	77681557	77681561	+	Frame_Shift_Del	DEL	TAAAT	TAAAT	-	novel	NA	TCGA-DX-A8BU-01A-11D-A37C-09	TCGA-DX-A8BU-10A-01D-A37F-09	NA	NA	NA	NA	NA	NA	NA	NA	Somatic	NA	NA	NA	NA	NA	NA	330b9068-ca47-4592-88e4-6c469c5cd907	6251e219-3da3-43e1-aba3-1ab654ae4151	c.3695_3699del	p.Asn1232SerfsTer15	p.N1232Sfs*15	ENST00000373344	9/35	17	2	15	19	NA	NA	ATRX,frameshift_variant,p.N1232Sfs*15,ENST00000373344,NM_000489.6,c.3695_3699del,HIGH,YES,,,-1;ATRX,frameshift_variant,p.N1194Sfs*15,ENST00000395603,NM_138270.4,c.3581_3585del,HIGH,,,,-1;ATRX,frameshift_variant,p.N1164Sfs*15,ENST00000624166,,c.3491_3495del,HIGH,,,,-1;ATRX,frameshift_variant,p.N194Sfs*15,ENST00000493470,,c.581_585del,HIGH,,,,-1;ATRX,downstream_gene_variant,,ENST00000623321,,,MODIFIER,,,,-1;ATRX,downstream_gene_variant,,ENST00000624032,,,MODIFIER,,,,-1;ATRX,downstream_gene_variant,,ENST00000624668,,,MODIFIER,,,,-1;ATRX,downstream_gene_variant,,ENST00000625063,,,MODIFIER,,,,-1;ATRX,3_prime_UTR_variant,,ENST00000480283,,c.*3323_*3327del,MODIFIER,,,,-1	-	ENSG00000085224	ENST00000373344	Transcript	frameshift_variant	frameshift_variant	3910-3914/11165	3695-3699/7479	1232-1233/2492	NL/X	aATTTA/a	NA	NA	-1	ATRX	HGNC	HGNC:886	protein_coding	YES	CCDS14434.1	ENSP00000362441	P46100.223	A4LAA3.82	UPI00001B644E	NA	NM_000489.6	NM_000489.6	P3	NA	NA	NA	9/35	NA	PANTHER:PTHR46357;MobiDB_lite:mobidb-lite	NA	NA	NA	NA	NA	NA	NA	NA	NA	NA	NA	NA	NA	NA	NA	NA	NA	NA	NA	NA	NA	NA	NA	NA	NA	NA	NA	NA	NA	NA	NA	NA	NA	NA	NA	NA	NA	NA	NA	NA	NA	HIGH	1	deletion	1	NA	NA	1	CAGCACTAAATTTTCA	240b67c2-8920-4f4b-b140-46dc844fe8fa	ef69dfd6-0c41-4e3f-9a21-69d748957411	4996e458-db04-4c6d-9ae6-66316240a8ed	NA	NA	N	Unknown	NA	NA	NA	mutect2;varscan2
