gene_name,mutation_position,peptide,best_allele,presentation_score,presentation_percentile,affinity,presentation_component,affinity_component,priority_score,ranking_reason,triage_label,triage_note
C12orf42,163,APKQAWKSSF,HLA-B0702,0.979334697495111,0.008423913043486664,45.266766899546425,1.0,1.0,1.0,strong presentation + strong affinity,High Priority,Heuristic high-priority candidate: strong presentation + strong affinity.
C12orf42,163,APKQAWKSSFL,HLA-B0702,0.9204965670976549,0.0904347826086962,70.4455557646614,0.9988545246277205,0.995418098510882,0.9974799541809851,strong presentation + strong affinity,High Priority,Heuristic high-priority candidate: strong presentation + strong affinity.
USP24,1686,LPPVDSRSSL,HLA-B0702,0.8396915655353014,0.21654891304348212,60.12774918330215,0.9965635738831615,0.997709049255441,0.9970217640320733,strong presentation + strong affinity,High Priority,Heuristic high-priority candidate: strong presentation + strong affinity.
USP24,1686,PPVDSRSSL,HLA-B0702,0.6999299169081575,0.43820652173911867,57.999204287783456,0.9942726231386025,0.9988545246277205,0.9961053837342497,strong presentation + strong affinity,High Priority,Heuristic high-priority candidate: strong presentation + strong affinity.
ZRANB3,393,VPILSIQAA,HLA-B0702,0.8663401281051571,0.1746467391304236,169.31656340116655,0.997709049255441,0.9919816723940436,0.995418098510882,strong presentation + strong affinity,High Priority,Heuristic high-priority candidate: strong presentation + strong affinity.
SPACA3,174,NPNVKDTVI,HLA-B0702,0.7551533313760693,0.34953804347823336,82.55519829531922,0.995418098510882,0.9942726231386025,0.9949599083619702,strong presentation + strong affinity,High Priority,Heuristic high-priority candidate: strong presentation + strong affinity.
ZNF831,1480,RPSSFGSKGNF,HLA-B0702,0.6580599067528198,0.5110326086956007,69.77071975022066,0.993127147766323,0.9965635738831615,0.9945017182130584,strong presentation + strong affinity,High Priority,Heuristic high-priority candidate: strong presentation + strong affinity.
ZRANB3,393,DPDTRVPIL,HLA-B0702,0.5621651770615576,0.6911141304346842,141.95104797423662,0.9919816723940436,0.993127147766323,0.9924398625429554,strong presentation + strong affinity,High Priority,Heuristic high-priority candidate: strong presentation + strong affinity.
C12orf42,163,APKQAWKSS,HLA-B0702,0.4491730390660212,0.9356793478259533,174.60677962991596,0.9908361970217641,0.9908361970217641,0.9908361970217641,strong presentation + strong affinity,High Priority,Heuristic high-priority candidate: strong presentation + strong affinity.
SPIRE2,218,EAKEMLKKL,HLA-B0702,0.16252190554348986,2.1113315217390607,543.1597198421978,0.9862542955326461,0.9885452462772051,0.9871706758304697,strong presentation + strong affinity,High Priority,Heuristic high-priority candidate: strong presentation + strong affinity.
USP24,1686,PPVDSRSSLGF,HLA-B0702,0.15612013127713043,2.1733967391303537,532.4351592354791,0.9851088201603666,0.9896907216494846,0.9869415807560138,strong presentation + strong affinity,High Priority,Heuristic high-priority candidate: strong presentation + strong affinity.
ZRANB3,393,DTRVPILSI,HLA-B0702,0.21774542509695166,1.731739130434704,1853.5954729044574,0.9885452462772051,0.9805269186712485,0.9853379152348225,strong presentation + strong affinity,High Priority,Heuristic high-priority candidate: strong presentation + strong affinity.
USH2A,1769,LAMERKSGI,HLA-B0702,0.14596622453769867,2.2710054347825377,549.6451068665605,0.9828178694158075,0.9873997709049256,0.9846506300114547,strong presentation + strong affinity,High Priority,Heuristic high-priority candidate: strong presentation + strong affinity.
VCX3A,63,AATKMAAVM,HLA-B0702,0.13167561622233256,2.4260054347825246,1111.3807391516407,0.981672394043528,0.9862542955326461,0.9835051546391752,strong presentation + strong affinity,High Priority,Heuristic high-priority candidate: strong presentation + strong affinity.
SPACA3,174,NPNVKDTVICA,HLA-B0702,0.14808664416243691,2.2514130434781947,1720.5398869759938,0.983963344788087,0.9828178694158075,0.9835051546391751,strong presentation + strong affinity,High Priority,Heuristic high-priority candidate: strong presentation + strong affinity.
USP24,1686,YLPPVDSRSSL,HLA-B0702,0.2780200476365371,1.4484510869564247,2898.9620522677806,0.9896907216494846,0.9725085910652921,0.9828178694158076,strong presentation + strong affinity,High Priority,Heuristic high-priority candidate: strong presentation + strong affinity.
CNTRL,1709,MLQLESHEL,HLA-B0702,0.10363676549426538,2.851521739130362,1321.3265968245664,0.9782359679266895,0.9851088201603666,0.9809851088201603,strong presentation + strong affinity,High Priority,Heuristic high-priority candidate: strong presentation + strong affinity.
PTEN,130,AGKGQTGVM,HLA-B0702,0.067179300610815,3.946249999999935,1355.2917185097197,0.9713631156930126,0.983963344788087,0.9764032073310422,strong presentation + strong affinity,High Priority,Heuristic high-priority candidate: strong presentation + strong affinity.
FSCB,16,DVIEKKKQM,HLA-B0702,0.08767779658545613,3.2120380434781595,2403.4985976980047,0.9747995418098511,0.97709049255441,0.9757159221076745,strong presentation + strong affinity,High Priority,Heuristic high-priority candidate: strong presentation + strong affinity.
ADGRE3,357,DPVLIVITY,HLA-B0702,0.18258505468525965,1.9543478260868739,6783.711983213756,0.9873997709049256,0.9541809851088202,0.9741122565864835,strong presentation + strong affinity,High Priority,Heuristic high-priority candidate: strong presentation + strong affinity.
TTC7A,833,ALDCFLTAL,HLA-B0702,0.06115845042511518,4.271168478260833,2379.377048104941,0.9702176403207331,0.9782359679266895,0.9734249713631156,strong presentation + strong affinity,High Priority,Heuristic high-priority candidate: strong presentation + strong affinity.
SPACA3,174,NPNVKDTV,HLA-B0702,0.06048619051615805,4.329592391304317,1867.7914742984308,0.9690721649484536,0.979381443298969,0.9731958762886597,strong presentation + strong affinity,High Priority,Heuristic high-priority candidate: strong presentation + strong affinity.
ZRANB3,393,DPDTRVPI,HLA-B0702,0.05468901314621985,4.732201086956479,1837.9889475174778,0.9644902634593356,0.981672394043528,0.9713631156930125,strong presentation + strong affinity,High Priority,Heuristic high-priority candidate: strong presentation + strong affinity.
UQCRC1,179,SVRDVVFNYL,HLA-B0702,0.10984199347830227,2.741494565217323,6054.8156308020025,0.979381443298969,0.9587628865979382,0.9711340206185566,strong presentation + strong affinity,High Priority,Heuristic high-priority candidate: strong presentation + strong affinity.
UQCRC1,179,DASVRDVVF,HLA-B0702,0.09205208875080309,3.1065489130433974,8267.979564938598,0.9759450171821306,0.9507445589919816,0.9658648339060709,strong presentation + strong affinity,High Priority,Heuristic high-priority candidate: strong presentation + strong affinity.
FSCB,16,IEKKKQMAI,HLA-B0702,0.054026592136519815,4.807092391304323,3618.1850890409037,0.9633447880870561,0.9690721649484536,0.965635738831615,strong presentation + strong affinity,High Priority,Heuristic high-priority candidate: strong presentation + strong affinity.
USP24,1686,RSSLGFVGL,HLA-B0702,0.04686921378591463,5.44942934782604,2589.778431488925,0.9587628865979382,0.9759450171821306,0.965635738831615,strong presentation + strong affinity,High Priority,Heuristic high-priority candidate: strong presentation + strong affinity.
USP24,1686,PVDSRSSL,HLA-B0702,0.044232688755046615,5.671874999999957,2626.2248334255164,0.9564719358533792,0.9747995418098511,0.9638029782359678,strong presentation + strong affinity,High Priority,Heuristic high-priority candidate: strong presentation + strong affinity.
SPACA3,174,NVKDTVICA,HLA-B0702,0.11398069748461911,2.676956521739058,9887.916464124102,0.9805269186712485,0.9381443298969072,0.9635738831615119,strong presentation + strong affinity,High Priority,Heuristic high-priority candidate: strong presentation + strong affinity.
VCX3A,63,MAPEAESGPAA,HLA-B0702,0.044030820129706105,5.788070652173886,3581.170761018164,0.9553264604810997,0.9702176403207331,0.961282932416953,strong presentation + strong affinity,High Priority,Heuristic high-priority candidate: strong presentation + strong affinity.
ZRANB3,393,DPDTRVPILSI,HLA-B0702,0.038130961685758774,6.479157608695644,2841.767080579267,0.9518900343642611,0.9736540664375716,0.9605956471935853,strong presentation + strong affinity,High Priority,Heuristic high-priority candidate: strong presentation + strong affinity.
ADGRE3,357,EEDPVLIVI,HLA-B0702,0.07255055444450413,3.720108695652101,10671.214336307097,0.9725085910652921,0.9358533791523482,0.9578465063001145,strong presentation + strong affinity,High Priority,Heuristic high-priority candidate: strong presentation + strong affinity.
CNTRL,1709,SHELQGLKL,HLA-B0702,0.08052216998631855,3.4218749999999147,12123.767786174027,0.9736540664375716,0.9289805269186713,0.9557846506300114,strong presentation + strong affinity,High Priority,Heuristic high-priority candidate: strong presentation + strong affinity.
ZRANB3,393,VPILSIQA,HLA-B0702,0.05304789739485522,4.887418478260841,9041.432380470322,0.9621993127147767,0.9438717067583047,0.9548682703321878,strong presentation + strong affinity,High Priority,Heuristic high-priority candidate: strong presentation + strong affinity.
UQCRC1,179,VRDVVFNYL,HLA-B0702,0.05638962486293734,4.585733695652138,11915.876946513954,0.9667812142038946,0.9301260022909508,0.952119129438717,strong presentation + strong affinity,High Priority,Heuristic high-priority candidate: strong presentation + strong affinity.
ACLY,547,FYWGHKKIL,HLA-B0702,0.03314677367717864,7.348016304347794,6294.217411728697,0.9484536082474226,0.9576174112256587,0.952119129438717,strong presentation + strong affinity,High Priority,Heuristic high-priority candidate: strong presentation + strong affinity.
TTC7A,833,AALDCFLTAL,HLA-B0702,0.028350475575941832,8.545326086956507,3745.8150946606993,0.9381443298969072,0.9679266895761741,0.9500572737686139,strong presentation + strong affinity,High Priority,Heuristic high-priority candidate: strong presentation + strong affinity.
TTC7A,833,QAQGQNEAAL,HLA-B0702,0.026931913817950456,9.15535326086956,3530.7142236027303,0.9335624284077892,0.9713631156930126,0.9486827033218785,strong presentation + strong affinity,High Priority,Heuristic high-priority candidate: strong presentation + strong affinity.
SPACA3,174,NVKDTVICAM,HLA-B0702,0.027091385053915878,8.839293478260856,5291.460690652944,0.9347079037800687,0.9621993127147767,0.9457044673539519,strong presentation + strong affinity,High Priority,Heuristic high-priority candidate: strong presentation + strong affinity.
TPR,1734,GLVEHVPVF,HLA-B0702,0.05777631155205015,4.519266304347795,16876.80894368568,0.9679266895761741,0.9072164948453608,0.9436426116838488,strong presentation + strong affinity,High Priority,Heuristic high-priority candidate: strong presentation + strong affinity.
USH2A,1769,LAMERKSGIL,HLA-B0702,0.0228854413392859,10.655842391304333,4445.147695415434,0.9243986254295533,0.9656357388316151,0.940893470790378,strong presentation + strong affinity,High Priority,Heuristic high-priority candidate: strong presentation + strong affinity.
ZNF831,1480,RPSSFGSKGN,HLA-B0702,0.02277414449905461,10.655842391304333,4276.053647602413,0.9232531500572738,0.9667812142038946,0.9406643757159221,strong presentation + strong affinity,High Priority,Heuristic high-priority candidate: strong presentation + strong affinity.
UQCRC1,179,SVRDVVFNY,HLA-B0702,0.0989966928787064,2.9511413043477432,19766.55447774845,0.97709049255441,0.8797250859106529,0.9381443298969072,strong presentation + strong affinity,High Priority,Heuristic high-priority candidate: strong presentation + strong affinity.
PAPPA2,453,SGEEEATVL,HLA-B0702,0.021464097915107373,11.115788043478247,5097.398400678799,0.9186712485681557,0.9633447880870561,0.9365406643757159,strong presentation + strong affinity,High Priority,Heuristic high-priority candidate: strong presentation + strong affinity.
SASH1,516,SSLNGQSSM,HLA-B0702,0.02004442478917458,11.6303260869565,4820.691452629851,0.9106529209621993,0.9644902634593356,0.9321878579610539,strong presentation + strong affinity,High Priority,Heuristic high-priority candidate: strong presentation + strong affinity.
USH2A,1769,MERKSGILTF,HLA-B0702,0.028247871354886652,8.545326086956507,13408.627480541058,0.9369988545246277,0.9232531500572738,0.9315005727376862,strong presentation + strong affinity,High Priority,Heuristic high-priority candidate: strong presentation + strong affinity.
ZRANB3,393,KDPDTRVPIL,HLA-B0702,0.019641228506673155,12.187228260869546,6044.258734373833,0.9083619702176403,0.9599083619702177,0.9289805269186713,strong presentation + strong affinity,High Priority,Heuristic high-priority candidate: strong presentation + strong affinity.
TTC7A,833,AALDCFLTA,HLA-B0702,0.019886261311863083,12.187228260869546,7748.768106825879,0.9095074455899198,0.9518900343642611,0.9264604810996563,strong presentation + strong affinity,High Priority,Heuristic high-priority candidate: strong presentation + strong affinity.
RNF213,863,CSSTKLLEF,HLA-B0702,0.021059062006026488,11.115788043478247,10812.920436747781,0.9175257731958762,0.9347079037800687,0.9243986254295532,strong presentation + strong affinity,High Priority,Heuristic high-priority candidate: strong presentation + strong affinity.
PTEN,130,KAGKGQTGVM,HLA-B0702,0.017157786332022206,13.500896739130425,5586.998681334464,0.8957617411225659,0.9610538373424972,0.9218785796105384,strong presentation + strong affinity,High Priority,Heuristic high-priority candidate: strong presentation + strong affinity.
SPACA3,174,NPNVKDTVIC,HLA-B0702,0.016173162919432015,14.277038043478257,6556.4008241310885,0.8888888888888888,0.9553264604810997,0.9154639175257733,strong presentation + strong affinity,High Priority,Heuristic high-priority candidate: strong presentation + strong affinity.
C12orf42,163,KQAWKSSFL,HLA-B0702,0.018745143511891802,12.805461956521725,13316.669842506366,0.9037800687285223,0.9243986254295533,0.9120274914089347,strong presentation + strong affinity,High Priority,Heuristic high-priority candidate: strong presentation + strong affinity.
KEL,684,NPSPQDSHDTH,HLA-B0702,0.014929698999573178,16.15755434782608,6465.871099711445,0.8808705612829324,0.9564719358533792,0.9111111111111112,strong presentation + strong affinity,High Priority,Heuristic high-priority candidate: strong presentation + strong affinity.
USH2A,1769,ERKSGILTF,HLA-B0702,0.01798369744505289,13.500896739130425,12912.620384101783,0.8980526918671249,0.9255441008018328,0.909049255441008,strong presentation + strong affinity,High Priority,Heuristic high-priority candidate: strong presentation + strong affinity.
C12orf42,163,APKQAWKS,HLA-B0702,0.015477348608052735,15.160951086956516,8581.52886561687,0.8831615120274914,0.9461626575028637,0.9083619702176403,strong presentation + strong affinity,High Priority,Heuristic high-priority candidate: strong presentation + strong affinity.
ZRANB3,393,PDTRVPIL,HLA-B0702,0.01549972346754555,15.160951086956516,9066.090277409927,0.8843069873997709,0.9427262313860252,0.9076746849942726,strong presentation + strong affinity,High Priority,Heuristic high-priority candidate: strong presentation + strong affinity.
HUNK,240,LARKKHGPKI,HLA-B0702,0.013689938663882248,17.305597826086952,7066.24940355158,0.8762886597938144,0.9530355097365406,0.9069873997709049,strong presentation + strong affinity,High Priority,Heuristic high-priority candidate: strong presentation + strong affinity.
VCX3A,63,MAAVMAPEA,HLA-B0702,0.013227968335366828,17.305597826086952,8336.451968108528,0.8739977090492554,0.9495990836197021,0.9042382588774341,strong presentation + strong affinity,High Priority,Heuristic high-priority candidate: strong presentation + strong affinity.
UQCRC1,179,REMQENDASVR,HLA-B0702,0.0330068820543117,7.558260869565203,22971.851032716397,0.9473081328751431,0.8281786941580757,0.8996563573883162,strong presentation + strong affinity,High Priority,Heuristic high-priority candidate: strong presentation + strong affinity.
ACLY,547,HKKILIPVF,HLA-B0702,0.02066374043894644,11.6303260869565,20292.562428289784,0.9152348224513173,0.8739977090492554,0.8987399770904925,strong presentation + strong affinity,High Priority,Heuristic high-priority candidate: strong presentation + strong affinity.
USH2A,1769,AMERKSGIL,HLA-B0702,0.01213112866507221,18.61798913043478,8435.753604935575,0.8602520045819015,0.9473081328751431,0.8950744558991982,strong presentation + strong affinity,High Priority,Heuristic high-priority candidate: strong presentation + strong affinity.
FSCB,16,DVIEKKKQMAI,HLA-B0702,0.022083572116202804,10.655842391304333,21984.090551381472,0.9198167239404352,0.8533791523482245,0.8932416953035509,strong presentation + strong affinity,High Priority,Heuristic high-priority candidate: strong presentation + strong affinity.
SASH1,516,RSSLNGQSSM,HLA-B0702,0.011915408231898574,20.2322554347826,8413.023182930949,0.854524627720504,0.9484536082474226,0.8920962199312714,strong presentation + strong affinity,High Priority,Heuristic high-priority candidate: strong presentation + strong affinity.
USH2A,1769,GPDFLAMER,HLA-B0702,0.012031464193525094,18.61798913043478,9490.456372063263,0.856815578465063,0.9415807560137457,0.890721649484536,strong presentation + strong affinity,High Priority,Heuristic high-priority candidate: strong presentation + strong affinity.
SPACA3,174,LLNPNVKDTVI,HLA-B0702,0.023245495003764684,10.231983695652161,22686.911990676766,0.9255441008018328,0.8361970217640321,0.8898052691867125,strong presentation + strong affinity,High Priority,Heuristic high-priority candidate: strong presentation + strong affinity.
USP24,1686,SRSSLGFVGL,HLA-B0702,0.013170586443370484,17.305597826086952,15198.53352457049,0.8717067583046965,0.9152348224513173,0.8891179839633448,strong presentation + strong affinity,High Priority,Heuristic high-priority candidate: strong presentation + strong affinity.
VCX3A,63,MAPEAESGPA,HLA-B0702,0.011703263664201775,20.2322554347826,8675.931756328464,0.8510882016036655,0.9450171821305842,0.8886597938144329,strong presentation + strong affinity,High Priority,Heuristic high-priority candidate: strong presentation + strong affinity.
ZRANB3,393,FQKDPDTRVPI,HLA-B0702,0.01409392369061722,16.15755434782608,17126.594606998897,0.8774341351660939,0.9049255441008018,0.8884306987399772,strong presentation + strong affinity,High Priority,Heuristic high-priority candidate: strong presentation + strong affinity.
PAPPA2,453,TVLVLTASF,HLA-B0702,0.010934927770432246,22.19230978260869,9613.031959679505,0.847651775486827,0.9392898052691867,0.8843069873997709,strong presentation + strong affinity,High Priority,Heuristic high-priority candidate: strong presentation + strong affinity.
SPIRE2,218,RVREAKEMLK,HLA-B0702,0.03014715909689776,8.01565217391304,24354.345172932914,0.9427262313860252,0.7961053837342497,0.884077892325315,strong presentation + strong affinity,High Priority,Heuristic high-priority candidate: strong presentation + strong affinity.
PAPPA2,453,HSSGEEEATVL,HLA-B0702,0.010699289432279208,22.19230978260869,9588.754228698062,0.8419243986254296,0.9404352806414662,0.8813287514318442,strong presentation + strong affinity,High Priority,Heuristic high-priority candidate: strong presentation + strong affinity.
ZRANB3,393,KDPDTRVPI,HLA-B0702,0.01046099498138444,22.19230978260869,10958.128282012103,0.8373424971363116,0.9335624284077892,0.8758304696449026,strong presentation + strong affinity,High Priority,Heuristic high-priority candidate: strong presentation + strong affinity.
SPACA3,174,LLNPNVKDTV,HLA-B0702,0.019131431603847365,12.187228260869546,22963.64734617412,0.9060710194730813,0.8293241695303551,0.8753722794959908,strong presentation + strong affinity,High Priority,Heuristic high-priority candidate: strong presentation + strong affinity.
SPIRE2,218,RVREAKEMLKK,HLA-B0702,0.03154351359305579,7.778097826086963,25538.468394854677,0.9450171821305842,0.7663230240549829,0.8735395189003436,strong presentation + strong affinity,High Priority,Heuristic high-priority candidate: strong presentation + strong affinity.
ANO2,334,VRYGVFYKF,HLA-B0702,0.025448035587619478,9.494239130434764,24620.173182377504,0.9312714776632303,0.7869415807560137,0.8735395189003436,strong presentation + strong affinity,High Priority,Heuristic high-priority candidate: strong presentation + strong affinity.
ADGRE3,357,QEEDPVLIVI,HLA-B0702,0.01319095671803128,17.305597826086952,21298.23699249778,0.872852233676976,0.8648339060710195,0.8696449026345934,strong presentation + strong affinity,High Priority,Heuristic high-priority candidate: strong presentation + strong affinity.
RNF213,863,LEFYELPAL,HLA-B0702,0.010921213099476086,22.19230978260869,17289.05846925618,0.8465063001145475,0.9037800687285223,0.8694158075601375,strong presentation + strong affinity,High Priority,Heuristic high-priority candidate: strong presentation + strong affinity.
LRP2,240,NWDCDGEDDCK,HLA-B0702,0.009593093317638595,24.57923913043477,10189.105270266824,0.8235967926689576,0.9369988545246277,0.8689576174112257,strong presentation + strong affinity,High Priority,Heuristic high-priority candidate: strong presentation + strong affinity.
RNF213,863,EFYELPAL,HLA-B0702,0.01418125576527595,16.15755434782608,22264.336021397983,0.8785796105383734,0.8487972508591065,0.8666666666666667,strong presentation + strong affinity,High Priority,Heuristic high-priority candidate: strong presentation + strong affinity.
SPACA3,174,VKDTVICAM,HLA-B0702,0.009823374450703198,24.57923913043477,14636.222250553961,0.8304696449026346,0.9198167239404352,0.8662084765177549,strong presentation + strong affinity,High Priority,Heuristic high-priority candidate: strong presentation + strong affinity.
ACLY,547,FYWGHKKILI,HLA-B0702,0.01668447248735302,14.277038043478257,23052.894715750812,0.8911798396334479,0.827033218785796,0.8655211912943872,strong presentation + strong affinity,High Priority,Heuristic high-priority candidate: strong presentation + strong affinity.
TPR,1734,SEGLVEHVP,HLA-B0702,0.05545074337815632,4.6575815217390755,26925.38770680921,0.9656357388316151,0.713631156930126,0.8648339060710195,strong presentation + strong affinity,High Priority,Heuristic high-priority candidate: strong presentation + strong affinity.
ADGRE3,357,EEDPVLIVITY,HLA-B0702,0.04428425475025849,5.671874999999957,26752.085431707925,0.9576174112256587,0.7193585337915235,0.8623138602520046,strong presentation + strong affinity,High Priority,Heuristic high-priority candidate: strong presentation + strong affinity.
PAPPA2,453,GEEEATVLVL,HLA-B0702,0.01231132851201272,18.61798913043478,21542.142381895203,0.8625429553264605,0.861397479954181,0.8620847651775487,strong presentation + strong affinity,High Priority,Heuristic high-priority candidate: strong presentation + strong affinity.
PTEN,130,GQTGVMICA,HLA-B0702,0.05183174333758116,4.968641304347784,26988.095075420846,0.9610538373424972,0.7101947308132875,0.8607101947308133,strong presentation + strong affinity,High Priority,Heuristic high-priority candidate: strong presentation + strong affinity.
ANO2,334,QEWVRYGVF,HLA-B0702,0.026846877972602417,9.15535326086956,25964.875787768946,0.9324169530355098,0.7525773195876289,0.8604810996563574,strong presentation + strong affinity,High Priority,Heuristic high-priority candidate: strong presentation + strong affinity.
UQCRC1,179,DASVRDVV,HLA-B0702,0.012402345094274143,18.61798913043478,22068.191017298966,0.8648339060710195,0.852233676975945,0.8597938144329897,strong presentation + strong affinity,High Priority,Heuristic high-priority candidate: strong presentation + strong affinity.
TTC7A,833,AQGQNEAAL,HLA-B0702,0.009022329552372569,24.57923913043477,12811.399140164533,0.8132875143184422,0.9266895761741123,0.8586483390607103,strong presentation + strong affinity,High Priority,Heuristic high-priority candidate: strong presentation + strong affinity.
PTEN,130,KAGKGQTGV,HLA-B0702,0.008865410980570957,27.61739130434782,11085.615786971954,0.8064146620847652,0.9324169530355098,0.8568155784650631,strong presentation + strong affinity,High Priority,Heuristic high-priority candidate: strong presentation + strong affinity.
PAPPA2,453,EEEATVLVL,HLA-B0702,0.00927464533552379,24.57923913043477,16236.327817973195,0.8178694158075601,0.9129438717067583,0.8558991981672395,strong presentation + strong affinity,High Priority,Heuristic high-priority candidate: strong presentation + strong affinity.
PAPPA2,453,EATVLVLTA,HLA-B0702,0.01672307836057383,14.277038043478257,24309.547677398954,0.8923253150057274,0.8006872852233677,0.8556701030927836,strong presentation + strong affinity,High Priority,Heuristic high-priority candidate: strong presentation + strong affinity.
USP24,1686,DSRSSLGFVGL,HLA-B0702,0.010605108405851703,22.19230978260869,19784.18968257848,0.8396334478808706,0.8785796105383734,0.8552119129438718,strong presentation + strong affinity,High Priority,Heuristic high-priority candidate: strong presentation + strong affinity.
TTC7A,833,GQNEAALDCF,HLA-B0702,0.01870881161951478,12.805461956521725,24754.385708823425,0.9026345933562429,0.7823596792668958,0.854524627720504,strong presentation + strong affinity,High Priority,Heuristic high-priority candidate: strong presentation + strong affinity.
ZRANB3,393,RVPILSIQAA,HLA-B0702,0.012453019372879967,18.61798913043478,22881.79062503011,0.8671248568155785,0.8327605956471936,0.8533791523482246,strong presentation + strong affinity,High Priority,Heuristic high-priority candidate: strong presentation + strong affinity.
HUNK,240,ARKKHGPKI,HLA-B0702,0.008439293868425488,27.61739130434782,11783.699188028477,0.7972508591065293,0.9312714776632303,0.8508591065292097,strong presentation + strong affinity,High Priority,Heuristic high-priority candidate: strong presentation + strong affinity.
ACLY,547,FYWGHKKI,HLA-B0702,0.01307952183503209,17.305597826086952,23371.859963949442,0.870561282932417,0.8178694158075601,0.8494845360824743,strong presentation + strong affinity,High Priority,Heuristic high-priority candidate: strong presentation + strong affinity.
ZRANB3,393,VPILSIQAAG,HLA-B0702,0.008309002281391744,27.61739130434782,12741.847704083251,0.7949599083619702,0.9278350515463918,0.8481099656357388,strong presentation + strong affinity,High Priority,Heuristic high-priority candidate: strong presentation + strong affinity.
ZRANB3,393,TRVPILSI,HLA-B0702,0.018506038729284087,12.805461956521725,25743.70014914186,0.9014891179839634,0.7594501718213058,0.8446735395189003,strong presentation + strong affinity,High Priority,Heuristic high-priority candidate: strong presentation + strong affinity.
ZRANB3,393,RVPILSIQA,HLA-B0702,0.009508608035119902,24.57923913043477,20486.82473488518,0.8224513172966781,0.870561282932417,0.8416953035509737,strong presentation + strong affinity,High Priority,Heuristic high-priority candidate: strong presentation + strong affinity.
SPIRE2,218,REAKEMLKKL,HLA-B0702,0.0096197346875461,24.57923913043477,21639.77220398045,0.8247422680412371,0.8591065292096219,0.838487972508591,strong presentation + strong affinity,High Priority,Heuristic high-priority candidate: strong presentation + strong affinity.
CNTRL,1709,LQLESHEL,HLA-B0702,0.010639613177931868,22.19230978260869,22957.80788415736,0.8407789232531501,0.8304696449026346,0.8366552119129439,strong presentation + strong affinity,High Priority,Heuristic high-priority candidate: strong presentation + strong affinity.
ACLY,547,YWGHKKILI,HLA-B0702,0.008178424141958053,27.61739130434782,16639.672754496914,0.7880870561282932,0.9095074455899198,0.8366552119129439,strong presentation + strong affinity,High Priority,Heuristic high-priority candidate: strong presentation + strong affinity.
ADGRE3,357,QEEDPVLIV,HLA-B0702,0.008643033706978363,27.61739130434782,19327.902567159977,0.8018327605956472,0.8843069873997709,0.8348224513172967,strong presentation + strong affinity,High Priority,Heuristic high-priority candidate: strong presentation + strong affinity.
HUNK,240,KHGPKIDVW,HLA-B0702,0.02018885423310202,11.6303260869565,26906.443057198125,0.9129438717067583,0.715922107674685,0.8341351660939289,strong presentation + strong affinity,High Priority,Heuristic high-priority candidate: strong presentation + strong affinity.
ZRANB3,393,FQKDPDTRVP,HLA-B0702,0.0331546587425496,7.348016304347794,28102.20999377021,0.9495990836197021,0.6506300114547537,0.8300114547537227,strong presentation + moderate affinity,High Priority,Heuristic high-priority candidate: strong presentation + moderate affinity.
ZNF831,1480,NFPHHDIATSV,HLA-B0702,0.022197769588739844,10.655842391304333,27341.54094164259,0.9209621993127147,0.6895761741122566,0.8284077892325314,strong presentation + strong affinity,High Priority,Heuristic high-priority candidate: strong presentation + strong affinity.
VCX3A,63,GAATKMAAVM,HLA-B0702,0.007297670038739162,31.643179347826077,14813.862279630319,0.7583046964490263,0.9175257731958762,0.8219931271477663,strong presentation + strong affinity,High Priority,Heuristic high-priority candidate: strong presentation + strong affinity.
ZNF831,1480,KGNFPHHDI,HLA-B0702,0.007688485117868163,31.643179347826077,17598.259451300797,0.7686139747995419,0.8980526918671249,0.8203894616265751,strong presentation + strong affinity,High Priority,Heuristic high-priority candidate: strong presentation + strong affinity.
C12orf42,163,KSSFLEQLV,HLA-B0702,0.016736754223509454,14.277038043478257,27026.26938226999,0.8934707903780069,0.7079037800687286,0.8192439862542955,strong presentation + strong affinity,High Priority,Heuristic high-priority candidate: strong presentation + strong affinity.
PTEN,130,HCKAGKGQTGV,HLA-B0702,0.007082870781519025,31.643179347826077,13963.051741549843,0.7479954180985109,0.9221076746849943,0.8176403207331042,strong presentation + strong affinity,Medium Priority,Heuristic medium-priority candidate: strong presentation + strong affinity.
VCX3A,63,KGAATKMAAVM,HLA-B0702,0.0069718719538494475,37.35904891304347,14758.444768760208,0.7457044673539519,0.9186712485681557,0.8148911798396334,strong presentation + strong affinity,Medium Priority,Heuristic medium-priority candidate: strong presentation + strong affinity.
KEL,684,NPSPQDSHDT,HLA-B0702,0.006917091371590052,37.35904891304347,14311.672588841793,0.7434135166093929,0.9209621993127147,0.8144329896907216,strong presentation + strong affinity,Medium Priority,Heuristic medium-priority candidate: strong presentation + strong affinity.
PAPPA2,453,GEEEATVL,HLA-B0702,0.007948442218201702,31.643179347826077,21310.232511817616,0.7789232531500573,0.86368843069874,0.8128293241695304,strong presentation + strong affinity,High Priority,Heuristic high-priority candidate: strong presentation + strong affinity.
TTC7A,833,LQAQGQNEAAL,HLA-B0702,0.006853441604079851,37.35904891304347,15808.964285302747,0.7411225658648339,0.9140893470790378,0.8103092783505155,strong presentation + strong affinity,Medium Priority,Heuristic medium-priority candidate: strong presentation + strong affinity.
USH2A,1769,MERKSGIL,HLA-B0702,0.007095842776672281,31.643179347826077,17362.043668203998,0.7491408934707904,0.9014891179839634,0.8100801832760596,strong presentation + strong affinity,Medium Priority,Heuristic medium-priority candidate: strong presentation + strong affinity.
ZRANB3,393,QKDPDTRVPIL,HLA-B0702,0.009064386105220057,24.57923913043477,24228.517941246464,0.8144329896907216,0.8029782359679267,0.8098510882016037,strong presentation + strong affinity,High Priority,Heuristic high-priority candidate: strong presentation + strong affinity.
RNF213,863,TKLLEFYEL,HLA-B0702,0.017433339986458088,13.500896739130425,27581.46475353584,0.8969072164948454,0.6746849942726232,0.8080183276059565,strong presentation + strong affinity,High Priority,Heuristic high-priority candidate: strong presentation + strong affinity.
CNTRL,1709,ESHELQGLKL,HLA-B0702,0.008439649164247222,27.61739130434782,23361.402681624288,0.7983963344788088,0.8190148911798396,0.8066437571592211,strong presentation + strong affinity,High Priority,Heuristic high-priority candidate: strong presentation + strong affinity.
HUNK,240,LARKKHGPK,HLA-B0702,0.006593816761588502,37.35904891304347,15076.92761606006,0.7319587628865979,0.9163802978235968,0.8057273768613975,strong presentation + strong affinity,Medium Priority,Heuristic medium-priority candidate: strong presentation + strong affinity.
ZRANB3,393,TRVPILSIQAA,HLA-B0702,0.02897634193163105,8.545326086956507,28747.192292834443,0.9404352806414662,0.6002290950744559,0.8043528064146621,strong presentation + moderate affinity,High Priority,Heuristic high-priority candidate: strong presentation + moderate affinity.
PAPPA2,453,GEEEATVLV,HLA-B0702,0.008228313900483132,27.61739130434782,23224.394769155006,0.7892325315005727,0.8224513172966781,0.8025200458190149,strong presentation + strong affinity,High Priority,Heuristic high-priority candidate: strong presentation + strong affinity.
C12orf42,163,PKQAWKSSF,HLA-B0702,0.007275100621364756,31.643179347826077,21488.203367489805,0.7571592210767468,0.8625429553264605,0.7993127147766323,strong presentation + strong affinity,High Priority,Heuristic high-priority candidate: strong presentation + strong affinity.
RNF213,863,AICSSTKLLEF,HLA-B0702,0.008465258064657406,27.61739130434782,24326.95656011903,0.7995418098510882,0.7983963344788088,0.7990836197021765,strong presentation + strong affinity,High Priority,Heuristic high-priority candidate: strong presentation + strong affinity.
ACLY,547,KFYWGHKKI,HLA-B0702,0.008827465129747164,27.61739130434782,24589.349127560094,0.8041237113402062,0.7880870561282932,0.7977090492554411,strong presentation + strong affinity,High Priority,Heuristic high-priority candidate: strong presentation + strong affinity.
SPACA3,174,SDLLNPNVK,HLA-B0702,0.007637851317118507,31.643179347826077,22314.332812395853,0.7651775486827033,0.8465063001145475,0.797709049255441,strong presentation + strong affinity,High Priority,Heuristic high-priority candidate: strong presentation + strong affinity.
FSCB,16,QMAIPKSSSPK,HLA-B0702,0.009255438669241736,24.57923913043477,25488.688976440877,0.8167239404352806,0.7674684994272624,0.7970217640320734,strong presentation + strong affinity,High Priority,Heuristic high-priority candidate: strong presentation + strong affinity.
SASH1,516,LRSSLNGQSSM,HLA-B0702,0.0062166558974310615,37.35904891304347,16236.549541950895,0.720504009163803,0.9117983963344788,0.7970217640320734,strong presentation + strong affinity,Medium Priority,Heuristic medium-priority candidate: strong presentation + strong affinity.
PAPPA2,453,EEATVLVL,HLA-B0702,0.00782838218134435,31.643179347826077,22859.82866871777,0.7720504009163803,0.8339060710194731,0.7967926689576175,strong presentation + strong affinity,High Priority,Heuristic high-priority candidate: strong presentation + strong affinity.
HUNK,240,KKHGPKIDVW,HLA-B0702,0.04402219076970775,5.788070652173886,29243.33994514931,0.9541809851088202,0.5567010309278351,0.7951890034364261,strong presentation + moderate affinity,Medium Priority,Heuristic medium-priority candidate: strong presentation + moderate affinity.
ADGRE3,357,DPVLIVITYV,HLA-B0702,0.006753373278832953,37.35904891304347,20189.053533569117,0.738831615120275,0.8751431844215349,0.793356242840779,strong presentation + strong affinity,Medium Priority,Heuristic medium-priority candidate: strong presentation + strong affinity.
ADGRE3,357,SQEEDPVLI,HLA-B0702,0.006231167220802043,37.35904891304347,18020.274757949737,0.722794959908362,0.8946162657502864,0.7915234822451318,strong presentation + strong affinity,Medium Priority,Heuristic medium-priority candidate: strong presentation + strong affinity.
LRP2,240,DCDGEDDCK,HLA-B0702,0.006052667750463441,37.35904891304347,16381.100698186003,0.709049255441008,0.9106529209621993,0.7896907216494846,strong presentation + strong affinity,Medium Priority,Heuristic medium-priority candidate: strong presentation + strong affinity.
SPACA3,174,CSDLLNPNV,HLA-B0702,0.006079209014095723,37.35904891304347,17405.09719553233,0.711340206185567,0.9003436426116839,0.7869415807560138,strong presentation + strong affinity,Medium Priority,Heuristic medium-priority candidate: strong presentation + strong affinity.
TPR,1734,EAMQSEGLVEH,HLA-B0702,0.018208923125237118,12.805461956521725,28576.142500762617,0.8991981672394044,0.6162657502863689,0.7860252004581901,strong presentation + moderate affinity,High Priority,Heuristic high-priority candidate: strong presentation + moderate affinity.
USH2A,1769,AMERKSGILTF,HLA-B0702,0.007606182643097117,31.643179347826077,23336.17956774441,0.7628865979381443,0.8201603665521191,0.7857961053837341,strong presentation + strong affinity,High Priority,Heuristic high-priority candidate: strong presentation + strong affinity.
KEL,684,QVMCRNPSP,HLA-B0702,0.005986883363896723,46.224673913043475,16675.849053576832,0.702176403207331,0.9083619702176403,0.7846506300114547,strong presentation + strong affinity,Medium Priority,Heuristic medium-priority candidate: strong presentation + strong affinity.
UQCRC1,179,REMQENDASV,HLA-B0702,0.007718710802884705,31.643179347826077,24292.520880720505,0.7709049255441008,0.8018327605956472,0.7832760595647195,strong presentation + strong affinity,High Priority,Heuristic high-priority candidate: strong presentation + strong affinity.
PTEN,130,AGKGQTGVMI,HLA-B0702,0.006111502833596384,37.35904891304347,18335.28737644536,0.7124856815578465,0.8888888888888888,0.7830469644902635,strong presentation + strong affinity,Medium Priority,Heuristic medium-priority candidate: strong presentation + strong affinity.
HUNK,240,APELLARKKH,HLA-B0702,0.0060245164044579035,37.35904891304347,17834.00965825512,0.7067583046964491,0.8957617411225659,0.7823596792668959,strong presentation + strong affinity,Medium Priority,Heuristic medium-priority candidate: strong presentation + strong affinity.
ZNF831,1480,SSFGSKGNF,HLA-B0702,0.006053643244912371,37.35904891304347,18249.314156975975,0.7101947308132875,0.8900343642611683,0.7821305841924399,strong presentation + strong affinity,Medium Priority,Heuristic medium-priority candidate: strong presentation + strong affinity.
USP24,1686,LPPVDSRSSLG,HLA-B0702,0.005938238616852292,46.224673913043475,17006.892424053378,0.697594501718213,0.9060710194730813,0.7809851088201604,strong presentation + strong affinity,Medium Priority,Heuristic medium-priority candidate: strong presentation + strong affinity.
ACLY,547,KFYWGHKKIL,HLA-B0702,0.007706553146401911,31.643179347826077,24329.621917711032,0.7697594501718213,0.7972508591065293,0.7807560137457046,strong presentation + strong affinity,High Priority,Heuristic high-priority candidate: strong presentation + strong affinity.
ADGRE3,357,LIVITYVGL,HLA-B0702,0.005940395905174003,46.224673913043475,17315.795185927527,0.6987399770904925,0.9026345933562429,0.7802978235967927,strong presentation + strong affinity,Medium Priority,Heuristic medium-priority candidate: strong presentation + strong affinity.
USP24,1686,PVDSRSSLGF,HLA-B0702,0.006006267676595947,37.35904891304347,18032.84213067324,0.7044673539518901,0.8934707903780069,0.7800687285223369,strong presentation + strong affinity,Medium Priority,Heuristic medium-priority candidate: strong presentation + strong affinity.
USH2A,1769,RKSGILTFR,HLA-B0702,0.028966189755677753,8.545326086956507,29392.137040922862,0.9392898052691867,0.5383734249713631,0.7789232531500573,strong presentation + moderate affinity,Medium Priority,Heuristic medium-priority candidate: strong presentation + moderate affinity.
C12orf42,163,GAPKQAWKSSF,HLA-B0702,0.006187939031434637,37.35904891304347,20411.32100252876,0.7170675830469645,0.8717067583046965,0.7789232531500573,strong presentation + strong affinity,Medium Priority,Heuristic medium-priority candidate: strong presentation + strong affinity.
VCX3A,63,ATKMAAVM,HLA-B0702,0.008036603545368672,27.61739130434782,25445.612438621887,0.7835051546391752,0.7686139747995419,0.7775486827033219,strong presentation + strong affinity,High Priority,Heuristic high-priority candidate: strong presentation + strong affinity.
UQCRC1,179,NDASVRDVVF,HLA-B0702,0.007203922641847083,31.643179347826077,23805.740477251442,0.7514318442153494,0.8121420389461627,0.7757159221076746,strong presentation + strong affinity,High Priority,Heuristic high-priority candidate: strong presentation + strong affinity.
PAPPA2,453,SGEEEATVLVL,HLA-B0702,0.00598166047877912,46.224673913043475,18705.272181505494,0.7010309278350515,0.8877434135166093,0.7757159221076746,strong presentation + strong affinity,Medium Priority,Heuristic medium-priority candidate: strong presentation + strong affinity.
ACLY,547,GHKKILIPV,HLA-B0702,0.00581364867149058,46.224673913043475,17641.15182289977,0.6907216494845361,0.8969072164948454,0.7731958762886598,strong presentation + strong affinity,Medium Priority,Heuristic medium-priority candidate: strong presentation + strong affinity.
ADGRE3,357,EEDPVLIV,HLA-B0702,0.006176478001318471,37.35904891304347,21605.797185239004,0.713631156930126,0.8602520045819015,0.7722794959908362,strong presentation + strong affinity,Medium Priority,Heuristic medium-priority candidate: strong presentation + strong affinity.
PAPPA2,453,SSGEEEATVL,HLA-B0702,0.005765638910394254,46.224673913043475,17579.20695970723,0.6872852233676976,0.8991981672394044,0.7720504009163803,strong presentation + strong affinity,Medium Priority,Heuristic medium-priority candidate: strong presentation + strong affinity.
ZRANB3,393,QKDPDTRVP,HLA-B0702,0.012420984260160623,18.61798913043478,28514.88973388473,0.865979381443299,0.6208476517754868,0.7679266895761742,strong presentation + moderate affinity,High Priority,Heuristic high-priority candidate: strong presentation + moderate affinity.
CNTRL,1709,DMLQLESHEL,HLA-B0702,0.0070719550886297385,31.643179347826077,24313.0569352616,0.7468499427262314,0.7995418098510882,0.7679266895761742,strong presentation + strong affinity,Medium Priority,Heuristic medium-priority candidate: strong presentation + strong affinity.
CNTRL,1709,LESHELQGL,HLA-B0702,0.005895339777275331,46.224673913043475,19919.57872345395,0.6941580756013745,0.8774341351660939,0.7674684994272623,strong presentation + strong affinity,Medium Priority,Heuristic medium-priority candidate: strong presentation + strong affinity.
PTEN,130,KAGKGQTGVMI,HLA-B0702,0.005685817533099466,46.224673913043475,18200.20370788173,0.6792668957617412,0.8911798396334479,0.7640320733104239,strong presentation + strong affinity,Medium Priority,Heuristic medium-priority candidate: strong presentation + strong affinity.
ADGRE3,357,EDPVLIVI,HLA-B0702,0.007641289878288361,31.643179347826077,25814.517346079178,0.7663230240549829,0.7560137457044673,0.7621993127147767,strong presentation + strong affinity,High Priority,Heuristic high-priority candidate: strong presentation + strong affinity.
C12orf42,163,QAWKSSFL,HLA-B0702,0.007218155637745778,31.643179347826077,25232.62393253704,0.7525773195876289,0.7731958762886598,0.7608247422680412,strong presentation + strong affinity,High Priority,Heuristic high-priority candidate: strong presentation + strong affinity.
ADGRE3,357,DPVLIVIT,HLA-B0702,0.006670664837015866,37.35904891304347,24423.49489088595,0.736540664375716,0.7949599083619702,0.7599083619702176,strong presentation + strong affinity,Medium Priority,Heuristic medium-priority candidate: strong presentation + strong affinity.
TPR,1734,SEGLVEHVPVF,HLA-B0702,0.009115866313723447,24.57923913043477,27517.0871989361,0.8155784650630011,0.6758304696449027,0.7596792668957617,strong presentation + strong affinity,High Priority,Heuristic high-priority candidate: strong presentation + strong affinity.
ZRANB3,393,DTRVPILSIQA,HLA-B0702,0.024014359109077843,10.231983695652161,29746.071402759047,0.9289805269186713,0.5040091638029782,0.758991981672394,strong presentation + moderate affinity,Medium Priority,Heuristic medium-priority candidate: strong presentation + moderate affinity.
RNF213,863,ICSSTKLLEF,HLA-B0702,0.005548551396685755,46.224673913043475,18860.50796830342,0.6735395189003437,0.8865979381443299,0.7587628865979381,strong presentation + strong affinity,Medium Priority,Heuristic medium-priority candidate: strong presentation + strong affinity.
SPIRE2,218,ARVREAKEMLK,HLA-B0702,0.011880031669519729,20.2322554347826,28598.067380275843,0.8533791523482245,0.6139747995418099,0.7576174112256586,strong presentation + moderate affinity,High Priority,Heuristic high-priority candidate: strong presentation + moderate affinity.
USP24,1686,VDSRSSLGF,HLA-B0702,0.006197298311356888,37.35904891304347,23405.636980754487,0.718213058419244,0.8167239404352806,0.7576174112256586,strong presentation + strong affinity,Medium Priority,Heuristic medium-priority candidate: strong presentation + strong affinity.
UQCRC1,179,EMQENDASV,HLA-B0702,0.005493197838902381,46.224673913043475,18163.231436449125,0.6666666666666666,0.8923253150057274,0.7569301260022909,moderate presentation + strong affinity,Medium Priority,Heuristic medium-priority candidate: moderate presentation + strong affinity.
SPIRE2,218,KKLREDEPHL,HLA-B0702,0.01175638624521476,20.2322554347826,28642.79203380495,0.852233676975945,0.6105383734249714,0.7555555555555555,strong presentation + moderate affinity,High Priority,Heuristic high-priority candidate: strong presentation + moderate affinity.
PAPPA2,453,EEATVLVLTA,HLA-B0702,0.016064872893383233,14.277038043478257,29335.093670752256,0.8877434135166093,0.5441008018327605,0.7502863688430699,strong presentation + moderate affinity,Medium Priority,Heuristic medium-priority candidate: strong presentation + moderate affinity.
TPR,1734,MQSEGLVEH,HLA-B0702,0.006825901541670539,37.35904891304347,25554.49429418706,0.7399770904925544,0.7640320733104238,0.7495990836197022,strong presentation + strong affinity,Medium Priority,Heuristic medium-priority candidate: strong presentation + strong affinity.
VCX3A,63,ATKMAAVMA,HLA-B0702,0.0055849381683156386,46.224673913043475,21639.847652032648,0.6758304696449027,0.8579610538373424,0.7486827033218786,strong presentation + strong affinity,Medium Priority,Heuristic medium-priority candidate: strong presentation + strong affinity.
HUNK,240,RKKHGPKIDVW,HLA-B0702,0.04066393890390499,6.18413043478256,30357.12188276116,0.9530355097365406,0.43986254295532645,0.747766323024055,strong presentation + moderate affinity,Medium Priority,Heuristic medium-priority candidate: strong presentation + moderate affinity.
TTC7A,833,EAALDCFLTAL,HLA-B0702,0.005308700120997478,46.224673913043475,19599.842402225695,0.6552119129438717,0.8808705612829324,0.745475372279496,moderate presentation + strong affinity,Medium Priority,Heuristic medium-priority candidate: moderate presentation + strong affinity.
SPIRE2,218,REAKEMLKKLR,HLA-B0702,0.02462992933390159,9.849456521739114,30144.759074702673,0.9301260022909508,0.46735395189003437,0.7450171821305842,strong presentation + moderate affinity,Medium Priority,Heuristic medium-priority candidate: strong presentation + moderate affinity.
HUNK,240,KKHGPKIDV,HLA-B0702,0.006459215250617381,37.35904891304347,25398.443927005683,0.7273768613974799,0.7697594501718213,0.7443298969072165,strong presentation + strong affinity,Medium Priority,Heuristic medium-priority candidate: strong presentation + strong affinity.
VCX3A,63,MAPEAESGP,HLA-B0702,0.005289116037512783,46.224673913043475,19555.52924190808,0.6517754868270332,0.8820160366552119,0.7438717067583047,moderate presentation + strong affinity,Medium Priority,Heuristic medium-priority candidate: moderate presentation + strong affinity.
TTC7A,833,ALDCFLTALEL,HLA-B0702,0.005946948486581518,46.224673913043475,23906.66761640589,0.699885452462772,0.8064146620847652,0.7424971363115693,strong presentation + strong affinity,Medium Priority,Heuristic medium-priority candidate: strong presentation + strong affinity.
PTEN,130,GKGQTGVMICA,HLA-B0702,0.022757515076826728,10.655842391304333,30113.898062726737,0.9221076746849943,0.47079037800687284,0.7415807560137457,strong presentation + moderate affinity,Medium Priority,Heuristic medium-priority candidate: strong presentation + moderate affinity.
USH2A,1769,MERKSGILT,HLA-B0702,0.005271343015544306,46.224673913043475,20149.044043955397,0.6494845360824743,0.8762886597938144,0.7402061855670103,moderate presentation + strong affinity,Medium Priority,Heuristic medium-priority candidate: moderate presentation + strong affinity.
PTEN,130,HCKAGKGQTG,HLA-B0702,0.005167065487545984,46.224673913043475,19298.887601979135,0.6426116838487973,0.8854524627720504,0.7397479954180985,moderate presentation + strong affinity,Medium Priority,Heuristic medium-priority candidate: moderate presentation + strong affinity.
TPR,1734,LVEHVPVF,HLA-B0702,0.007218384692098626,31.643179347826077,26808.11446127534,0.7537227949599083,0.718213058419244,0.7395189003436426,strong presentation + strong affinity,High Priority,Heuristic high-priority candidate: strong presentation + strong affinity.
USP24,1686,PPVDSRSSLG,HLA-B0702,0.005164863425637234,46.224673913043475,19409.84399594716,0.6414662084765178,0.8831615120274914,0.7381443298969073,moderate presentation + strong affinity,Medium Priority,Heuristic medium-priority candidate: moderate presentation + strong affinity.
ZRANB3,393,TRVPILSIQA,HLA-B0702,0.010401461021282886,22.19230978260869,28819.52009921949,0.8361970217640321,0.588774341351661,0.7372279495990837,strong presentation + moderate affinity,Medium Priority,Heuristic medium-priority candidate: strong presentation + moderate affinity.
HUNK,240,HGPKIDVWSI,HLA-B0702,0.005221802006576954,46.224673913043475,20340.571582476598,0.6449026345933563,0.872852233676976,0.7360824742268042,moderate presentation + strong affinity,Medium Priority,Heuristic medium-priority candidate: moderate presentation + strong affinity.
PTEN,130,KGQTGVMICA,HLA-B0702,0.008099853519712158,27.61739130434782,27883.687561978993,0.7857961053837342,0.6575028636884307,0.7344788087056129,strong presentation + moderate affinity,High Priority,Heuristic high-priority candidate: strong presentation + moderate affinity.
UQCRC1,179,NDASVRDVV,HLA-B0702,0.005480162755005523,46.224673913043475,22596.331571055063,0.6643757159221076,0.8396334478808706,0.7344788087056129,moderate presentation + strong affinity,Medium Priority,Heuristic medium-priority candidate: moderate presentation + strong affinity.
TPR,1734,QEAMQSEGL,HLA-B0702,0.005382354955195114,46.224673913043475,22392.377157919876,0.6586483390607102,0.8442153493699885,0.7328751431844216,moderate presentation + strong affinity,Medium Priority,Heuristic medium-priority candidate: moderate presentation + strong affinity.
ZNF831,1480,NFPHHDIAT,HLA-B0702,0.005702171694043693,46.224673913043475,23873.573386694912,0.6804123711340206,0.8075601374570447,0.7312714776632303,strong presentation + strong affinity,Medium Priority,Heuristic medium-priority candidate: strong presentation + strong affinity.
ZNF831,1480,SSFGSKGNFPH,HLA-B0702,0.010049616609742292,22.19230978260869,29048.141853389465,0.8327605956471936,0.5715922107674685,0.7282932416953035,strong presentation + moderate affinity,Medium Priority,Heuristic medium-priority candidate: strong presentation + moderate affinity.
RNF213,863,KLLEFYELPAL,HLA-B0702,0.012091259867940178,18.61798913043478,29482.226157336732,0.8591065292096219,0.5292096219931272,0.727147766323024,strong presentation + moderate affinity,Medium Priority,Heuristic medium-priority candidate: strong presentation + moderate affinity.
SPACA3,174,NVKDTVICAMK,HLA-B0702,0.008262286455037782,27.61739130434782,28392.054194274766,0.7915234822451317,0.6300114547537228,0.7269186712485681,strong presentation + moderate affinity,High Priority,Heuristic high-priority candidate: strong presentation + moderate affinity.
ZRANB3,393,VPILSIQAAGQ,HLA-B0702,0.005084091277424949,46.224673913043475,21295.881497271228,0.6334478808705613,0.865979381443299,0.7264604810996564,moderate presentation + strong affinity,Medium Priority,Heuristic medium-priority candidate: moderate presentation + strong affinity.
USH2A,1769,RKSGILTFRL,HLA-B0702,0.00901757223772283,24.57923913043477,28778.119184500956,0.8121420389461627,0.5979381443298969,0.7264604810996563,strong presentation + moderate affinity,Medium Priority,Heuristic medium-priority candidate: strong presentation + moderate affinity.
RNF213,863,EFYELPALSA,HLA-B0702,0.020123401315095577,11.6303260869565,30292.627416516298,0.9117983963344788,0.44788087056128295,0.7262313860252004,strong presentation + moderate affinity,Medium Priority,Heuristic medium-priority candidate: strong presentation + moderate affinity.
PTEN,130,GKGQTGVMI,HLA-B0702,0.008019947811945045,27.61739130434782,28175.728859851755,0.7812142038946163,0.6426116838487973,0.7257731958762887,strong presentation + moderate affinity,High Priority,Heuristic high-priority candidate: strong presentation + moderate affinity.
USP24,1686,SSLGFVGLR,HLA-B0702,0.007919953763158832,31.643179347826077,28104.749872205994,0.7766323024054983,0.6483390607101948,0.725315005727377,strong presentation + moderate affinity,High Priority,Heuristic high-priority candidate: strong presentation + moderate affinity.
ZRANB3,393,DPDTRVPILS,HLA-B0702,0.005037018042733953,46.224673913043475,20678.062204178786,0.6288659793814433,0.8694158075601375,0.725085910652921,moderate presentation + strong affinity,Medium Priority,Heuristic medium-priority candidate: moderate presentation + strong affinity.
VCX3A,63,TKMAAVMAP,HLA-B0702,0.012556392509924937,18.61798913043478,29703.17649839944,0.868270332187858,0.5097365406643757,0.7248568155784652,strong presentation + moderate affinity,Medium Priority,Heuristic medium-priority candidate: strong presentation + moderate affinity.
FSCB,16,DVIEKKKQMA,HLA-B0702,0.007173912987504145,31.643179347826077,27399.2281501858,0.7502863688430699,0.6861397479954181,0.7246277205040091,strong presentation + strong affinity,High Priority,Heuristic high-priority candidate: strong presentation + strong affinity.
ANO2,334,QEWVRYGV,HLA-B0702,0.012264460346019489,18.61798913043478,29571.802087068365,0.861397479954181,0.5189003436426117,0.7243986254295534,strong presentation + moderate affinity,Medium Priority,Heuristic medium-priority candidate: strong presentation + moderate affinity.
UQCRC1,179,DASVRDVVFNY,HLA-B0702,0.029687772619822164,8.269211956521715,30698.009796594826,0.9415807560137457,0.3963344788087056,0.7234822451317297,strong presentation + moderate affinity,Low Priority,Heuristic low-priority candidate: strong presentation + moderate affinity.
C12orf42,163,KQAWKSSF,HLA-B0702,0.010879995950591035,22.19230978260869,29466.173870154027,0.8442153493699885,0.5315005727376861,0.7191294387170676,strong presentation + moderate affinity,Medium Priority,Heuristic medium-priority candidate: strong presentation + moderate affinity.
UQCRC1,179,QENDASVRDVV,HLA-B0702,0.006628632422122075,37.35904891304347,27312.648883732436,0.7342497136311569,0.6918671248568156,0.7172966781214203,strong presentation + strong affinity,Medium Priority,Heuristic medium-priority candidate: strong presentation + strong affinity.
USH2A,1769,MERKSGILTFR,HLA-B0702,0.016739828526575934,14.277038043478257,30275.664672433908,0.8946162657502864,0.45017182130584193,0.7168384879725086,strong presentation + moderate affinity,Medium Priority,Heuristic medium-priority candidate: strong presentation + moderate affinity.
RNF213,863,KLLEFYEL,HLA-B0702,0.010289575651500432,22.19230978260869,29390.568535431274,0.8350515463917526,0.5395189003436426,0.7168384879725086,strong presentation + moderate affinity,Medium Priority,Heuristic medium-priority candidate: strong presentation + moderate affinity.
C12orf42,163,QAWKSSFLEQL,HLA-B0702,0.005499376122012953,46.224673913043475,24687.45014123199,0.6689576174112256,0.7846506300114547,0.7152348224513172,moderate presentation + strong affinity,Medium Priority,Heuristic medium-priority candidate: moderate presentation + strong affinity.
PTEN,130,CKAGKGQTGVM,HLA-B0702,0.0048748152857384505,62.74467391304348,20838.565270109055,0.6082474226804123,0.868270332187858,0.7122565864833906,moderate presentation + strong affinity,Medium Priority,Heuristic medium-priority candidate: moderate presentation + strong affinity.
CNTRL,1709,QLESHELQGL,HLA-B0702,0.005000664088032077,62.74467391304348,22477.938237728642,0.6254295532646048,0.8407789232531501,0.7115693012600229,moderate presentation + strong affinity,Medium Priority,Heuristic medium-priority candidate: moderate presentation + strong affinity.
PTEN,130,AGKGQTGVMIC,HLA-B0702,0.004849977988596696,62.74467391304348,21102.06711011575,0.6071019473081328,0.8671248568155785,0.7111111111111111,moderate presentation + strong affinity,Medium Priority,Heuristic medium-priority candidate: moderate presentation + strong affinity.
ACLY,547,YWGHKKIL,HLA-B0702,0.00512932010273955,46.224673913043475,23787.12896678706,0.6391752577319587,0.8132875143184422,0.708820160366552,moderate presentation + strong affinity,Medium Priority,Heuristic medium-priority candidate: moderate presentation + strong affinity.
USP24,1686,SRSSLGFVGLR,HLA-B0702,0.006737543776822996,37.35904891304347,27749.736904498535,0.7376861397479955,0.6643757159221076,0.7083619702176404,strong presentation + moderate affinity,Medium Priority,Heuristic medium-priority candidate: strong presentation + moderate affinity.
ZRANB3,393,QKDPDTRVPI,HLA-B0702,0.005586541985416569,46.224673913043475,25881.36447556877,0.6769759450171822,0.7537227949599083,0.7076746849942727,strong presentation + strong affinity,Medium Priority,Heuristic medium-priority candidate: strong presentation + strong affinity.
USH2A,1769,DGPDFLAMER,HLA-B0702,0.0062205067238497525,37.35904891304347,27399.46470846532,0.7216494845360825,0.6849942726231386,0.7069873997709049,strong presentation + strong affinity,Medium Priority,Heuristic medium-priority candidate: strong presentation + strong affinity.
SPIRE2,218,REAKEMLKK,HLA-B0702,0.005806455510617822,46.224673913043475,26510.66415422967,0.6884306987399771,0.7319587628865979,0.7058419243986254,strong presentation + strong affinity,Medium Priority,Heuristic medium-priority candidate: strong presentation + strong affinity.
ACLY,547,KKILIPVF,HLA-B0702,0.03299358666465362,7.558260869565203,31045.331931769815,0.9461626575028637,0.3447880870561283,0.7056128293241695,strong presentation + moderate affinity,Low Priority,Heuristic low-priority candidate: strong presentation + moderate affinity.
USP24,1686,DSRSSLGF,HLA-B0702,0.010486478411555984,22.19230978260869,29722.054356414585,0.8384879725085911,0.5063001145475372,0.7056128293241695,strong presentation + moderate affinity,Medium Priority,Heuristic medium-priority candidate: strong presentation + moderate affinity.
USH2A,1769,ERKSGILTFR,HLA-B0702,0.007835319308112753,31.643179347826077,28739.393741253672,0.7731958762886598,0.6013745704467354,0.7044673539518901,strong presentation + moderate affinity,High Priority,Heuristic high-priority candidate: strong presentation + moderate affinity.
FSCB,16,VIEKKKQMAI,HLA-B0702,0.004892339736040009,62.74467391304348,22629.10308410821,0.6116838487972509,0.8384879725085911,0.702405498281787,moderate presentation + strong affinity,Medium Priority,Heuristic medium-priority candidate: moderate presentation + strong affinity.
TPR,1734,MQSEGLVEHVP,HLA-B0702,0.009698159986114473,24.57923913043477,29684.68213995997,0.8258877434135166,0.5108820160366552,0.699885452462772,strong presentation + moderate affinity,Medium Priority,Heuristic medium-priority candidate: strong presentation + moderate affinity.
ACLY,547,KKILIPVFK,HLA-B0702,0.030792460866983312,8.01565217391304,31134.930675618354,0.9438717067583047,0.3333333333333333,0.6996563573883161,strong presentation + moderate affinity,Low Priority,Heuristic low-priority candidate: strong presentation + moderate affinity.
C12orf42,163,WKSSFLEQL,HLA-B0702,0.005575236641031901,46.224673913043475,26487.502011042583,0.6746849942726232,0.7331042382588774,0.6980526918671248,strong presentation + strong affinity,Medium Priority,Heuristic medium-priority candidate: strong presentation + strong affinity.
VCX3A,63,VMAPEAESGPA,HLA-B0702,0.004758365668715037,62.74467391304348,22286.58562198306,0.5967926689576174,0.847651775486827,0.6971363115693012,moderate presentation + strong affinity,Medium Priority,Heuristic medium-priority candidate: moderate presentation + strong affinity.
FSCB,16,QTDVIEKKKQM,HLA-B0702,0.005808202961439477,46.224673913043475,27036.182367801877,0.6895761741122566,0.7067583046964491,0.6964490263459335,strong presentation + strong affinity,Medium Priority,Heuristic medium-priority candidate: strong presentation + strong affinity.
SPACA3,174,DLLNPNVKDTV,HLA-B0702,0.00977367683796047,24.57923913043477,29838.2552322158,0.8293241695303551,0.4959908361970218,0.6959908361970217,strong presentation + moderate affinity,Medium Priority,Heuristic medium-priority candidate: strong presentation + moderate affinity.
PTEN,130,GQTGVMICAY,HLA-B0702,0.016003042203527787,15.160951086956516,30614.00137027935,0.8865979381443299,0.4043528064146621,0.6936998854524628,strong presentation + moderate affinity,Medium Priority,Heuristic medium-priority candidate: strong presentation + moderate affinity.
CNTRL,1709,SHELQGLKLQH,HLA-B0702,0.03795675685833605,6.63130434782606,31346.1822999386,0.9507445589919816,0.30584192439862545,0.6927835051546392,strong presentation + weak affinity,Low Priority,Heuristic low-priority candidate: strong presentation + weak affinity.
USH2A,1769,RKSGILTF,HLA-B0702,0.013246373466580197,17.305597826086952,30518.08217837678,0.8751431844215349,0.41809851088201605,0.6923253150057274,strong presentation + moderate affinity,Medium Priority,Heuristic medium-priority candidate: strong presentation + moderate affinity.
ZRANB3,393,PDTRVPILSI,HLA-B0702,0.004719643267636572,62.74467391304348,22406.272671181818,0.5910652920962199,0.843069873997709,0.6918671248568156,moderate presentation + strong affinity,Medium Priority,Heuristic medium-priority candidate: moderate presentation + strong affinity.
ANO2,334,YQEWVRYGV,HLA-B0702,0.005077092107178976,46.224673913043475,25048.87718515481,0.6323024054982818,0.7754868270332188,0.6895761741122566,moderate presentation + strong affinity,Medium Priority,Heuristic medium-priority candidate: moderate presentation + strong affinity.
SPACA3,174,SDLLNPNV,HLA-B0702,0.00585008672297601,46.224673913043475,27471.44872204735,0.693012600229095,0.6815578465063001,0.6884306987399771,strong presentation + strong affinity,Medium Priority,Heuristic medium-priority candidate: strong presentation + strong affinity.
SPACA3,174,VKDTVICA,HLA-B0702,0.014334234375405132,16.15755434782608,30637.357651208855,0.8797250859106529,0.4009163802978236,0.6882016036655212,strong presentation + moderate affinity,Medium Priority,Heuristic medium-priority candidate: strong presentation + moderate affinity.
USP24,1686,DSRSSLGFV,HLA-B0702,0.004690291225916375,62.74467391304348,22339.097584791834,0.5830469644902635,0.845360824742268,0.6879725085910653,moderate presentation + strong affinity,Medium Priority,Heuristic medium-priority candidate: moderate presentation + strong affinity.
UQCRC1,179,ASVRDVVFNYL,HLA-B0702,0.012315748128400784,18.61798913043478,30497.52881857818,0.86368843069874,0.4215349369988545,0.6868270332187858,strong presentation + moderate affinity,Medium Priority,Heuristic medium-priority candidate: strong presentation + moderate affinity.
RNF213,863,LLEFYELPAL,HLA-B0702,0.004701346433582724,62.74467391304348,22664.117569534697,0.586483390607102,0.8373424971363116,0.6868270332187858,moderate presentation + strong affinity,Medium Priority,Heuristic medium-priority candidate: moderate presentation + strong affinity.
PTEN,130,KGQTGVMIC,HLA-B0702,0.004635193938453343,62.74467391304348,21740.88128868232,0.5738831615120275,0.8556701030927835,0.6865979381443299,moderate presentation + strong affinity,Medium Priority,Heuristic medium-priority candidate: moderate presentation + strong affinity.
LRP2,240,DCDGEDDCKDN,HLA-B0702,0.00461051669489281,62.74467391304348,21702.689543195163,0.570446735395189,0.856815578465063,0.6849942726231386,moderate presentation + strong affinity,Medium Priority,Heuristic medium-priority candidate: moderate presentation + strong affinity.
CNTRL,1709,LESHELQGLKL,HLA-B0702,0.004955351228160758,62.74467391304348,24705.193183756342,0.6174112256586484,0.7835051546391752,0.6838487972508591,moderate presentation + strong affinity,Medium Priority,Heuristic medium-priority candidate: moderate presentation + strong affinity.
LRP2,240,NWDCDGEDDC,HLA-B0702,0.004582343293725049,62.74467391304348,21870.95173424462,0.5670103092783505,0.854524627720504,0.6820160366552119,moderate presentation + strong affinity,Medium Priority,Heuristic medium-priority candidate: moderate presentation + strong affinity.
TPR,1734,AMQSEGLVEH,HLA-B0702,0.007905618933908194,31.643179347826077,29382.86417162063,0.7743413516609393,0.5406643757159221,0.6808705612829324,strong presentation + moderate affinity,Medium Priority,Heuristic medium-priority candidate: strong presentation + moderate affinity.
TTC7A,833,LDCFLTALEL,HLA-B0702,0.004568320898884496,62.74467391304348,22184.247070718167,0.5647193585337915,0.849942726231386,0.6788087056128294,moderate presentation + strong affinity,Medium Priority,Heuristic medium-priority candidate: moderate presentation + strong affinity.
TPR,1734,MQSEGLVEHV,HLA-B0702,0.0048822008775936615,62.74467391304348,24787.781741493098,0.6105383734249714,0.7800687285223368,0.6783505154639176,moderate presentation + strong affinity,Medium Priority,Heuristic medium-priority candidate: moderate presentation + strong affinity.
RNF213,863,STKLLEFYEL,HLA-B0702,0.006178637187475391,37.35904891304347,28502.088107343872,0.7147766323024055,0.6231386025200458,0.6781214203894617,strong presentation + moderate affinity,Medium Priority,Heuristic medium-priority candidate: strong presentation + moderate affinity.
CNTRL,1709,LQLESHELQGL,HLA-B0702,0.004876402771705175,62.74467391304348,24893.316142791115,0.6093928980526919,0.7789232531500573,0.6772050400916381,moderate presentation + strong affinity,Medium Priority,Heuristic medium-priority candidate: moderate presentation + strong affinity.
ACLY,547,QKFYWGHKK,HLA-B0702,0.04760278554179524,5.346684782608634,31815.49490720244,0.9599083619702177,0.2508591065292096,0.6762886597938144,strong presentation + weak affinity,Low Priority,Heuristic low-priority candidate: strong presentation + weak affinity.
LRP2,240,WDCDGEDDCK,HLA-B0702,0.004521423631637153,62.74467391304348,22157.38306716493,0.5589919816723941,0.8510882016036655,0.6758304696449027,moderate presentation + strong affinity,Medium Priority,Heuristic medium-priority candidate: moderate presentation + strong affinity.
TTC7A,833,LDCFLTAL,HLA-B0702,0.0045999732346799285,62.74467391304348,22703.47272827369,0.56815578465063,0.8350515463917526,0.6749140893470791,moderate presentation + strong affinity,Medium Priority,Heuristic medium-priority candidate: moderate presentation + strong affinity.
USH2A,1769,FLAMERKSGI,HLA-B0702,0.004565916194904584,62.74467391304348,22464.731889594364,0.563573883161512,0.8419243986254296,0.6749140893470791,moderate presentation + strong affinity,Medium Priority,Heuristic medium-priority candidate: moderate presentation + strong affinity.
UQCRC1,179,QENDASVRDV,HLA-B0702,0.0052484923059539735,46.224673913043475,26914.296728177775,0.6471935853379153,0.7147766323024055,0.6742268041237114,moderate presentation + strong affinity,Medium Priority,Heuristic medium-priority candidate: moderate presentation + strong affinity.
SPACA3,174,CSDLLNPNVK,HLA-B0702,0.004649442693152279,62.74467391304348,23266.200914578894,0.5750286368843069,0.8213058419243986,0.6735395189003436,moderate presentation + strong affinity,Medium Priority,Heuristic medium-priority candidate: moderate presentation + strong affinity.
PAPPA2,453,QHSSGEEEATV,HLA-B0702,0.0050076254024518435,46.224673913043475,26375.061233899003,0.6277205040091638,0.736540664375716,0.6712485681557847,moderate presentation + strong affinity,Medium Priority,Heuristic medium-priority candidate: moderate presentation + strong affinity.
ADGRE3,357,QEEDPVLI,HLA-B0702,0.005100356326195409,46.224673913043475,26700.94497300126,0.6345933562428407,0.7216494845360825,0.6694158075601375,moderate presentation + strong affinity,Medium Priority,Heuristic medium-priority candidate: moderate presentation + strong affinity.
TPR,1734,SQEAMQSEGL,HLA-B0702,0.004775748139293711,62.74467391304348,25107.906907116572,0.5990836197021764,0.7743413516609393,0.6691867124856816,moderate presentation + strong affinity,Medium Priority,Heuristic medium-priority candidate: moderate presentation + strong affinity.
ACLY,547,WGHKKILI,HLA-B0702,0.0051024926561797695,46.224673913043475,26846.749775712007,0.6357388316151202,0.7170675830469645,0.668270332187858,moderate presentation + strong affinity,Medium Priority,Heuristic medium-priority candidate: moderate presentation + strong affinity.
SPIRE2,218,LKKLREDEPHL,HLA-B0702,0.006487191811148347,37.35904891304347,28964.346057666087,0.7285223367697594,0.5773195876288659,0.668041237113402,strong presentation + moderate affinity,Medium Priority,Heuristic medium-priority candidate: strong presentation + moderate affinity.
CNTRL,1709,SHELQGLKLQ,HLA-B0702,0.011962709596116703,20.2322554347826,30820.664872444686,0.8556701030927835,0.37915234822451316,0.6650630011454753,strong presentation + moderate affinity,Low Priority,Heuristic low-priority candidate: strong presentation + moderate affinity.
HUNK,240,RKKHGPKIDV,HLA-B0702,0.005593182074180237,46.224673913043475,28205.24286851926,0.6781214203894617,0.6403207331042382,0.6630011454753723,strong presentation + moderate affinity,Medium Priority,Heuristic medium-priority candidate: strong presentation + moderate affinity.
PAPPA2,453,EEEATVLVLTA,HLA-B0702,0.008060650523276256,27.61739130434782,30022.04391775269,0.7846506300114547,0.47995418098510884,0.6627720504009164,strong presentation + moderate affinity,Medium Priority,Heuristic medium-priority candidate: strong presentation + moderate affinity.
VCX3A,63,KMAAVMAPEA,HLA-B0702,0.004910886398320929,62.74467391304348,26600.28039821438,0.6162657502863689,0.7250859106529209,0.6597938144329898,moderate presentation + strong affinity,Medium Priority,Heuristic medium-priority candidate: moderate presentation + strong affinity.
UQCRC1,179,ENDASVRDVVF,HLA-B0702,0.005375561169776525,46.224673913043475,27762.991203690734,0.6575028636884307,0.6632302405498282,0.6597938144329897,moderate presentation + moderate affinity,Medium Priority,Heuristic medium-priority candidate: moderate presentation + moderate affinity.
ADGRE3,357,EEDPVLIVIT,HLA-B0702,0.005420831649985701,46.224673913043475,28155.02927080492,0.6632302405498282,0.6460481099656358,0.6563573883161512,moderate presentation + moderate affinity,Medium Priority,Heuristic medium-priority candidate: moderate presentation + moderate affinity.
ADGRE3,357,SQEEDPVLIVI,HLA-B0702,0.004794913595851387,62.74467391304348,26313.60781963009,0.6013745704467354,0.738831615120275,0.6563573883161512,moderate presentation + strong affinity,Medium Priority,Heuristic medium-priority candidate: moderate presentation + strong affinity.
LRP2,240,NWDCDGEDD,HLA-B0702,0.004383066222671421,62.74467391304348,22920.275431578957,0.5395189003436426,0.8316151202749141,0.6563573883161512,moderate presentation + strong affinity,Medium Priority,Heuristic medium-priority candidate: moderate presentation + strong affinity.
TPR,1734,EAMQSEGLV,HLA-B0702,0.00447849507551809,62.74467391304348,23863.581269705315,0.5544100801832761,0.8087056128293242,0.6561282932416953,moderate presentation + strong affinity,Medium Priority,Heuristic medium-priority candidate: moderate presentation + strong affinity.
TPR,1734,QSEGLVEHVP,HLA-B0702,0.011587315836997243,20.2322554347826,30930.370243561305,0.849942726231386,0.3642611683848797,0.6556701030927835,strong presentation + moderate affinity,Low Priority,Heuristic low-priority candidate: strong presentation + moderate affinity.
TPR,1734,SEGLVEHV,HLA-B0702,0.006406196567819588,37.35904891304347,29300.820202582847,0.7262313860252004,0.5498281786941581,0.6556701030927835,strong presentation + moderate affinity,Medium Priority,Heuristic medium-priority candidate: strong presentation + moderate affinity.
USH2A,1769,GPDFLAMERK,HLA-B0702,0.004390777954381125,62.74467391304348,23058.54143689771,0.5418098510882016,0.8258877434135166,0.6554410080183275,moderate presentation + strong affinity,Medium Priority,Heuristic medium-priority candidate: moderate presentation + strong affinity.
ADGRE3,357,IVITYVGL,HLA-B0702,0.005848439005194073,46.224673913043475,28798.720848261102,0.6918671248568156,0.5910652920962199,0.6515463917525773,strong presentation + moderate affinity,Medium Priority,Heuristic medium-priority candidate: strong presentation + moderate affinity.
TTC7A,833,NEAALDCFL,HLA-B0702,0.004743200208445091,62.74467391304348,26326.170016012282,0.5933562428407789,0.7376861397479955,0.6510882016036655,moderate presentation + strong affinity,Medium Priority,Heuristic medium-priority candidate: moderate presentation + strong affinity.
FSCB,16,TDVIEKKKQM,HLA-B0702,0.004438379664433406,62.74467391304348,24113.30695594413,0.5486827033218786,0.8041237113402062,0.6508591065292096,moderate presentation + strong affinity,Medium Priority,Heuristic medium-priority candidate: moderate presentation + strong affinity.
ZNF831,1480,SKGNFPHHDI,HLA-B0702,0.008850839566821492,27.61739130434782,30529.607314181496,0.8052691867124857,0.41695303550973656,0.649942726231386,strong presentation + moderate affinity,Medium Priority,Heuristic medium-priority candidate: strong presentation + moderate affinity.
TPR,1734,QSEGLVEHV,HLA-B0702,0.004779663328715465,62.74467391304348,26607.799642135476,0.6002290950744559,0.7239404352806414,0.6497136311569301,moderate presentation + strong affinity,Medium Priority,Heuristic medium-priority candidate: moderate presentation + strong affinity.
TTC7A,833,NEAALDCFLTA,HLA-B0702,0.005499666233172038,46.224673913043475,28557.528812668326,0.6701030927835051,0.6185567010309279,0.6494845360824741,strong presentation + moderate affinity,Medium Priority,Heuristic medium-priority candidate: strong presentation + moderate affinity.
SASH1,516,NGQSSMSGQTV,HLA-B0702,0.00437743263614833,62.74467391304348,23652.522232728214,0.5383734249713631,0.8144329896907216,0.6487972508591064,moderate presentation + strong affinity,Medium Priority,Heuristic medium-priority candidate: moderate presentation + strong affinity.
C12orf42,163,KSSFLEQLVKK,HLA-B0702,0.023558746858440106,10.231983695652161,31940.73999907383,0.9278350515463918,0.2290950744558992,0.6483390607101948,strong presentation + weak affinity,Low Priority,Heuristic low-priority candidate: strong presentation + weak affinity.
KEL,684,NPSPQDSHD,HLA-B0702,0.004331884837449183,62.74467391304348,23217.77045651007,0.5292096219931272,0.8235967926689576,0.6469644902634593,moderate presentation + strong affinity,Medium Priority,Heuristic medium-priority candidate: moderate presentation + strong affinity.
ZNF831,1480,GNFPHHDIA,HLA-B0702,0.005712894553340651,46.224673913043475,28787.037250943722,0.6815578465063001,0.5945017182130584,0.6467353951890035,strong presentation + moderate affinity,Medium Priority,Heuristic medium-priority candidate: strong presentation + moderate affinity.
USH2A,1769,FLAMERKSGIL,HLA-B0702,0.004453100000539313,62.74467391304348,24481.017496232736,0.5498281786941581,0.7915234822451317,0.6465063001145475,moderate presentation + strong affinity,Medium Priority,Heuristic medium-priority candidate: moderate presentation + strong affinity.
RNF213,863,LEFYELPALSA,HLA-B0702,0.008146054818431715,27.61739130434782,30387.401346510498,0.7869415807560137,0.434135166093929,0.6458190148911799,strong presentation + moderate affinity,Medium Priority,Heuristic medium-priority candidate: strong presentation + moderate affinity.
UQCRC1,179,VRDVVFNY,HLA-B0702,0.0107140984915855,22.19230978260869,30986.907674722937,0.843069873997709,0.34936998854524626,0.6455899198167239,strong presentation + moderate affinity,Low Priority,Heuristic low-priority candidate: strong presentation + moderate affinity.
PTEN,130,HCKAGKGQT,HLA-B0702,0.004320649661587666,62.74467391304348,23213.719957171637,0.5257731958762887,0.8247422680412371,0.645360824742268,moderate presentation + strong affinity,Medium Priority,Heuristic medium-priority candidate: moderate presentation + strong affinity.
ZNF831,1480,FGSKGNFPH,HLA-B0702,0.004628326639096891,62.74467391304348,25995.27451495906,0.572737686139748,0.7514318442153494,0.6442153493699885,moderate presentation + strong affinity,Medium Priority,Heuristic medium-priority candidate: moderate presentation + strong affinity.
RNF213,863,SSTKLLEF,HLA-B0702,0.007655670933462838,31.643179347826077,30238.287530577498,0.7674684994272624,0.4570446735395189,0.643298969072165,strong presentation + moderate affinity,Medium Priority,Heuristic medium-priority candidate: strong presentation + moderate affinity.
ACLY,547,KFYWGHKKILI,HLA-B0702,0.012998932503496471,18.61798913043478,31392.20806978656,0.8694158075601375,0.3024054982817869,0.6426116838487973,strong presentation + weak affinity,Low Priority,Heuristic low-priority candidate: strong presentation + weak affinity.
SPACA3,174,LNPNVKDTV,HLA-B0702,0.004405924131709068,62.74467391304348,24536.802539365683,0.5441008018327605,0.7903780068728522,0.6426116838487972,moderate presentation + strong affinity,Medium Priority,Heuristic medium-priority candidate: moderate presentation + strong affinity.
TTC7A,833,GQNEAALDCFL,HLA-B0702,0.0052940459576524615,46.224673913043475,28484.771679883397,0.6529209621993127,0.6265750286368843,0.6423825887743413,moderate presentation + moderate affinity,Medium Priority,Heuristic medium-priority candidate: moderate presentation + moderate affinity.
TPR,1734,EGLVEHVPV,HLA-B0702,0.004341185609554074,62.74467391304348,23844.85053328243,0.5303550973654066,0.8098510882016037,0.6421534936998854,moderate presentation + strong affinity,Medium Priority,Heuristic medium-priority candidate: moderate presentation + strong affinity.
FSCB,16,VIEKKKQM,HLA-B0702,0.004314515747274506,62.74467391304348,23584.935436810774,0.5246277205040092,0.8155784650630011,0.6410080183276059,moderate presentation + strong affinity,Medium Priority,Heuristic medium-priority candidate: moderate presentation + strong affinity.
SPACA3,174,LNPNVKDTVI,HLA-B0702,0.004423808269099411,62.74467391304348,24785.927350660513,0.5463917525773195,0.7812142038946163,0.6403207331042382,moderate presentation + strong affinity,Medium Priority,Heuristic medium-priority candidate: moderate presentation + strong affinity.
UQCRC1,179,MQENDASVR,HLA-B0702,0.004682433617877051,62.74467391304348,26539.89651805014,0.5807560137457045,0.7273768613974799,0.6394043528064147,moderate presentation + strong affinity,Medium Priority,Heuristic medium-priority candidate: moderate presentation + strong affinity.
ZNF831,1480,GSKGNFPHHDI,HLA-B0702,0.005386075661656718,46.224673913043475,28720.475876131248,0.6609392898052692,0.6036655211912944,0.6380297823596792,moderate presentation + moderate affinity,Medium Priority,Heuristic medium-priority candidate: moderate presentation + moderate affinity.
FSCB,16,KKKQMAIPK,HLA-B0702,0.004968287712882153,62.74467391304348,27738.047314532352,0.6185567010309279,0.6655211912943871,0.6373424971363115,moderate presentation + moderate affinity,Medium Priority,Heuristic medium-priority candidate: moderate presentation + moderate affinity.
HUNK,240,KHGPKIDVWSI,HLA-B0702,0.00447511881208315,62.74467391304348,25592.516188976184,0.5532646048109966,0.7628865979381443,0.6371134020618556,moderate presentation + strong affinity,Medium Priority,Heuristic medium-priority candidate: moderate presentation + strong affinity.
FSCB,16,IEKKKQMAIP,HLA-B0702,0.0066042301536531275,37.35904891304347,29890.417686467455,0.7331042382588774,0.4925544100801833,0.6368843069873997,strong presentation + moderate affinity,Medium Priority,Heuristic medium-priority candidate: strong presentation + moderate affinity.
ACLY,547,HKKILIPVFK,HLA-B0702,0.011541545006272354,20.2322554347826,31347.988980281167,0.8487972508591065,0.30469644902634596,0.6311569301260023,strong presentation + weak affinity,Low Priority,Heuristic low-priority candidate: strong presentation + weak affinity.
ADGRE3,357,PVLIVITYV,HLA-B0702,0.004462460144879234,62.74467391304348,26057.92875144399,0.5509736540664376,0.7479954180985109,0.6297823596792669,moderate presentation + strong affinity,Medium Priority,Heuristic medium-priority candidate: moderate presentation + strong affinity.
ACLY,547,KFYWGHKK,HLA-B0702,0.019473642268381493,12.187228260869546,32086.04656820762,0.9072164948453608,0.21191294387170675,0.6290950744558992,strong presentation + weak affinity,Low Priority,Heuristic low-priority candidate: strong presentation + weak affinity.
ZNF831,1480,GNFPHHDI,HLA-B0702,0.005750357254522736,46.224673913043475,29349.838644803032,0.6849942726231386,0.5429553264604811,0.6281786941580756,strong presentation + moderate affinity,Medium Priority,Heuristic medium-priority candidate: strong presentation + moderate affinity.
ANO2,334,QEWVRYGVFY,HLA-B0702,0.027709834126579024,8.839293478260856,32415.769080245995,0.9358533791523482,0.1660939289805269,0.6279495990836197,strong presentation + weak affinity,Low Priority,Heuristic low-priority candidate: strong presentation + weak affinity.
PAPPA2,453,EEATVLVLT,HLA-B0702,0.005108378792479391,46.224673913043475,28617.70316517902,0.6380297823596792,0.6128293241695304,0.6279495990836197,moderate presentation + moderate affinity,Medium Priority,Heuristic medium-priority candidate: moderate presentation + moderate affinity.
KEL,684,NPSPQDSH,HLA-B0702,0.004230329483432878,62.74467391304348,23815.176864971632,0.5051546391752577,0.8109965635738832,0.6274914089347079,moderate presentation + strong affinity,Medium Priority,Heuristic medium-priority candidate: moderate presentation + strong affinity.
TPR,1734,ESQEAMQSEGL,HLA-B0702,0.00435730854189579,62.74467391304348,25738.911440643595,0.5349369988545246,0.7605956471935853,0.6252004581901489,moderate presentation + strong affinity,Medium Priority,Heuristic medium-priority candidate: moderate presentation + strong affinity.
ACLY,547,WGHKKILIP,HLA-B0702,0.004982140681265123,62.74467391304348,28472.143782203686,0.6219931271477663,0.6277205040091638,0.6242840778923253,moderate presentation + moderate affinity,Medium Priority,Heuristic medium-priority candidate: moderate presentation + moderate affinity.
ADGRE3,357,EDPVLIVITY,HLA-B0702,0.006205769871518222,37.35904891304347,29990.25407178289,0.7193585337915235,0.48109965635738833,0.6240549828178694,strong presentation + moderate affinity,Medium Priority,Heuristic medium-priority candidate: strong presentation + moderate affinity.
TPR,1734,EAMQSEGL,HLA-B0702,0.004691221754055288,62.74467391304348,27423.90371736859,0.584192439862543,0.6838487972508591,0.6240549828178694,moderate presentation + strong affinity,Medium Priority,Heuristic medium-priority candidate: moderate presentation + strong affinity.
KEL,684,MCRNPSPQDSH,HLA-B0702,0.004211320847208036,62.74467391304348,23937.90494134795,0.5017182130584192,0.8052691867124857,0.6231386025200458,moderate presentation + strong affinity,Medium Priority,Heuristic medium-priority candidate: moderate presentation + strong affinity.
C12orf42,163,KSSFLEQLVK,HLA-B0702,0.008399327029914515,27.61739130434782,30956.84561841883,0.7961053837342497,0.35853379152348225,0.6210767468499427,strong presentation + moderate affinity,Low Priority,Heuristic low-priority candidate: strong presentation + moderate affinity.
ZNF831,1480,GSKGNFPHH,HLA-B0702,0.0052365160483241755,46.224673913043475,28878.707756621112,0.6460481099656358,0.5830469644902635,0.6208476517754868,moderate presentation + moderate affinity,Medium Priority,Heuristic medium-priority candidate: moderate presentation + moderate affinity.
ACLY,547,KQKFYWGHKK,HLA-B0702,0.009403226434124534,24.57923913043477,31248.319449594288,0.8213058419243986,0.31958762886597936,0.6206185567010309,strong presentation + weak affinity,Low Priority,Heuristic low-priority candidate: strong presentation + weak affinity.
ACLY,547,HKQKFYWGHKK,HLA-B0702,0.02328786102524369,10.231983695652161,32453.68639750148,0.9266895761741123,0.16036655211912945,0.6201603665521191,strong presentation + weak affinity,Low Priority,Heuristic low-priority candidate: strong presentation + weak affinity.
ADGRE3,357,TSQEEDPVLI,HLA-B0702,0.0042064837838316944,62.74467391304348,24477.551381072273,0.5005727376861397,0.7926689576174112,0.6174112256586484,moderate presentation + strong affinity,Medium Priority,Heuristic medium-priority candidate: moderate presentation + strong affinity.
ACLY,547,GHKKILIPVF,HLA-B0702,0.004404619686757146,62.74467391304348,26596.758866054315,0.5429553264604811,0.7262313860252004,0.6162657502863689,moderate presentation + strong affinity,Medium Priority,Heuristic medium-priority candidate: moderate presentation + strong affinity.
FSCB,16,VIEKKKQMA,HLA-B0702,0.004192723771166129,62.74467391304348,24439.11023625212,0.49713631156930127,0.7938144329896907,0.6158075601374571,moderate presentation + strong affinity,Low Priority,Heuristic low-priority candidate: moderate presentation + strong affinity.
SPACA3,174,DLLNPNVK,HLA-B0702,0.009723224014479018,24.57923913043477,31424.393038921866,0.8281786941580757,0.29553264604810997,0.6151202749140894,strong presentation + weak affinity,Low Priority,Heuristic low-priority candidate: strong presentation + weak affinity.
C12orf42,163,KQAWKSSFLEQ,HLA-B0702,0.018227977935864732,12.805461956521725,32247.638528178646,0.9003436426116839,0.18556701030927836,0.6144329896907216,strong presentation + weak affinity,Low Priority,Heuristic low-priority candidate: strong presentation + weak affinity.
ADGRE3,357,IVITYVGLSV,HLA-B0702,0.004345845130102967,62.74467391304348,26456.875210791677,0.5326460481099656,0.7353951890034365,0.613745704467354,moderate presentation + strong affinity,Medium Priority,Heuristic medium-priority candidate: moderate presentation + strong affinity.
TTC7A,833,QNEAALDCF,HLA-B0702,0.004314408643123181,62.74467391304348,26041.622928253513,0.5234822451317297,0.7491408934707904,0.613745704467354,moderate presentation + strong affinity,Medium Priority,Heuristic medium-priority candidate: moderate presentation + strong affinity.
TPR,1734,SEGLVEHVPV,HLA-B0702,0.004502539584234755,62.74467391304348,27289.541051580105,0.5567010309278351,0.695303550973654,0.6121420389461627,moderate presentation + strong affinity,Medium Priority,Heuristic medium-priority candidate: moderate presentation + strong affinity.
ZRANB3,393,TRVPILSIQ,HLA-B0702,0.00549505058212092,46.224673913043475,29516.425571539705,0.6678121420389461,0.5269186712485682,0.611454753722795,moderate presentation + moderate affinity,Medium Priority,Heuristic medium-priority candidate: moderate presentation + moderate affinity.
C12orf42,163,AWKSSFLEQL,HLA-B0702,0.004290906494846419,62.74467391304348,26247.169361359887,0.5211912943871707,0.7411225658648339,0.609163802978236,moderate presentation + strong affinity,Medium Priority,Heuristic medium-priority candidate: moderate presentation + strong affinity.
VCX3A,63,AVMAPEAES,HLA-B0702,0.004203043532704642,62.74467391304348,25271.047077417763,0.49828178694158076,0.7720504009163803,0.6077892325315006,moderate presentation + strong affinity,Low Priority,Heuristic low-priority candidate: moderate presentation + strong affinity.
SPACA3,174,YCSDLLNPNV,HLA-B0702,0.0041450698888948045,62.74467391304348,24679.885764230614,0.48911798396334477,0.7857961053837342,0.6077892325315005,moderate presentation + strong affinity,Low Priority,Heuristic low-priority candidate: moderate presentation + strong affinity.
TTC7A,833,QGQNEAALDCF,HLA-B0702,0.004235341839269828,62.74467391304348,25806.418108696835,0.5074455899198167,0.7571592210767468,0.6073310423825888,moderate presentation + strong affinity,Medium Priority,Heuristic medium-priority candidate: moderate presentation + strong affinity.
UQCRC1,179,ASVRDVVFNY,HLA-B0702,0.016551816856848332,14.277038043478257,32256.298370779517,0.8900343642611683,0.18327605956471935,0.6073310423825887,strong presentation + weak affinity,Low Priority,Heuristic low-priority candidate: strong presentation + weak affinity.
RNF213,863,EAICSSTKLLE,HLA-B0702,0.010086535857280662,22.19230978260869,31718.59715092482,0.8339060710194731,0.26689576174112256,0.6071019473081329,strong presentation + weak affinity,Low Priority,Heuristic low-priority candidate: strong presentation + weak affinity.
CNTRL,1709,ESHELQGLK,HLA-B0702,0.005189055618363112,46.224673913043475,29293.642825570438,0.6437571592210768,0.5509736540664376,0.6066437571592211,moderate presentation + moderate affinity,Medium Priority,Heuristic medium-priority candidate: moderate presentation + moderate affinity.
CNTRL,1709,LDMLQLESHEL,HLA-B0702,0.004189131475281225,62.74467391304348,25311.479020587605,0.4959908361970218,0.7709049255441008,0.6059564719358534,moderate presentation + strong affinity,Low Priority,Heuristic low-priority candidate: moderate presentation + strong affinity.
ADGRE3,357,VLIVITYV,HLA-B0702,0.019041647700190453,12.187228260869546,32466.827792220403,0.9049255441008018,0.15693012600229095,0.6057273768613974,strong presentation + weak affinity,Low Priority,Heuristic low-priority candidate: strong presentation + weak affinity.
ZNF831,1480,NFPHHDIA,HLA-B0702,0.007611059458394642,31.643179347826077,30905.668305855444,0.7640320733104238,0.36769759450171824,0.6054982817869415,strong presentation + moderate affinity,Low Priority,Heuristic low-priority candidate: strong presentation + moderate affinity.
KEL,684,MCRNPSPQD,HLA-B0702,0.0040965454323752745,62.74467391304348,24569.745192052782,0.4822451317296678,0.7892325315005727,0.6050400916380297,moderate presentation + strong affinity,Low Priority,Heuristic low-priority candidate: moderate presentation + strong affinity.
UQCRC1,179,VRDVVFNYLHA,HLA-B0702,0.010895824852762206,22.19230978260869,31837.82900057361,0.845360824742268,0.24398625429553264,0.6048109965635738,strong presentation + weak affinity,Low Priority,Heuristic low-priority candidate: strong presentation + weak affinity.
PAPPA2,453,ATVLVLTASF,HLA-B0702,0.004243520927947377,62.74467391304348,26293.575183119283,0.5108820160366552,0.7399770904925544,0.6025200458190149,moderate presentation + strong affinity,Medium Priority,Heuristic medium-priority candidate: moderate presentation + strong affinity.
FSCB,16,IEKKKQMAIPK,HLA-B0702,0.004977004216543708,62.74467391304348,29084.6867746561,0.6208476517754868,0.570446735395189,0.6006872852233677,moderate presentation + moderate affinity,Medium Priority,Heuristic medium-priority candidate: moderate presentation + moderate affinity.
UQCRC1,179,ASVRDVVF,HLA-B0702,0.008256664269831236,27.61739130434782,31287.43065987503,0.7903780068728522,0.3115693012600229,0.5988545246277205,strong presentation + weak affinity,Low Priority,Heuristic low-priority candidate: strong presentation + weak affinity.
FSCB,16,KQMAIPKSSSP,HLA-B0702,0.005003203346362981,62.74467391304348,29291.825260895388,0.6265750286368843,0.5521191294387171,0.5967926689576174,moderate presentation + moderate affinity,Medium Priority,Heuristic medium-priority candidate: moderate presentation + moderate affinity.
ANO2,334,LYQEWVRYGVF,HLA-B0702,0.00759431085498381,31.643179347826077,30993.151223057586,0.7617411225658648,0.34822451317296677,0.5963344788087055,strong presentation + moderate affinity,Low Priority,Heuristic low-priority candidate: strong presentation + moderate affinity.
TPR,1734,AMQSEGLVEHV,HLA-B0702,0.005102824551488071,46.224673913043475,29448.346373193865,0.6368843069873997,0.5326460481099656,0.5951890034364261,moderate presentation + moderate affinity,Medium Priority,Heuristic medium-priority candidate: moderate presentation + moderate affinity.
ZNF831,1480,PSSFGSKGNF,HLA-B0702,0.0040502573554068826,62.74467391304348,24992.848456151485,0.4742268041237113,0.7766323024054983,0.5951890034364261,moderate presentation + strong affinity,Low Priority,Heuristic low-priority candidate: moderate presentation + strong affinity.
VCX3A,63,AAVMAPEA,HLA-B0702,0.00427870198963155,62.74467391304348,27081.047631947957,0.5189003436426117,0.7056128293241696,0.5935853379152349,moderate presentation + strong affinity,Medium Priority,Heuristic medium-priority candidate: moderate presentation + strong affinity.
ZNF831,1480,NFPHHDIATS,HLA-B0702,0.00529675494377064,46.224673913043475,29773.143974721617,0.6540664375715922,0.5005727376861397,0.5926689576174112,moderate presentation + moderate affinity,Medium Priority,Heuristic medium-priority candidate: moderate presentation + moderate affinity.
PAPPA2,453,SSGEEEATV,HLA-B0702,0.0040369705918564605,62.74467391304348,24923.573990597433,0.4650630011454754,0.7777777777777778,0.5901489117983963,moderate presentation + strong affinity,Low Priority,Heuristic low-priority candidate: moderate presentation + strong affinity.
C12orf42,163,AWKSSFLEQ,HLA-B0702,0.007233436649087073,31.643179347826077,31062.427167147114,0.7548682703321878,0.3424971363115693,0.5899198167239403,strong presentation + moderate affinity,Low Priority,Heuristic low-priority candidate: strong presentation + moderate affinity.
C12orf42,163,RARGAPKQAWK,HLA-B0702,0.00413763985833919,62.74467391304348,26242.68143548363,0.4879725085910653,0.7422680412371134,0.5896907216494844,moderate presentation + strong affinity,Low Priority,Heuristic low-priority candidate: moderate presentation + strong affinity.
ZRANB3,393,DTRVPILSIQ,HLA-B0702,0.0062565626001471215,37.35904891304347,30776.177444695906,0.7250859106529209,0.3848797250859107,0.5890034364261167,strong presentation + moderate affinity,Low Priority,Heuristic low-priority candidate: strong presentation + moderate affinity.
USH2A,1769,KDGPDFLAMER,HLA-B0702,0.004821179357351402,62.74467391304348,29141.436673417236,0.6036655211912944,0.565864833906071,0.5885452462772051,moderate presentation + moderate affinity,Medium Priority,Heuristic medium-priority candidate: moderate presentation + moderate affinity.
HUNK,240,RKKHGPKI,HLA-B0702,0.004173847082105232,62.74467391304348,26699.244583665146,0.4936998854524628,0.722794959908362,0.5853379152348225,moderate presentation + strong affinity,Low Priority,Heuristic low-priority candidate: moderate presentation + strong affinity.
ANO2,334,YQEWVRYGVF,HLA-B0702,0.0049926661609872355,62.74467391304348,29534.11083720904,0.6231386025200458,0.5257731958762887,0.584192439862543,moderate presentation + moderate affinity,Medium Priority,Heuristic medium-priority candidate: moderate presentation + moderate affinity.
UQCRC1,179,EMQENDASVR,HLA-B0702,0.004055499014176239,62.74467391304348,26168.293231930482,0.4753722794959908,0.7445589919816724,0.5830469644902634,moderate presentation + strong affinity,Low Priority,Heuristic low-priority candidate: moderate presentation + strong affinity.
VCX3A,63,TKMAAVMAPEA,HLA-B0702,0.006967233540643618,37.35904891304347,31075.42380239116,0.7445589919816724,0.3402061855670103,0.5828178694158076,strong presentation + moderate affinity,Low Priority,Heuristic low-priority candidate: strong presentation + moderate affinity.
FSCB,16,KQMAIPKSS,HLA-B0702,0.00446962564865529,62.74467391304348,28405.130066548547,0.5521191294387171,0.6288659793814433,0.5828178694158075,moderate presentation + moderate affinity,Medium Priority,Heuristic medium-priority candidate: moderate presentation + moderate affinity.
USP24,1686,SRSSLGFVG,HLA-B0702,0.004409182720063139,62.74467391304348,28251.943026760186,0.54524627720504,0.6368843069873997,0.5819014891179839,moderate presentation + moderate affinity,Medium Priority,Heuristic medium-priority candidate: moderate presentation + moderate affinity.
HUNK,240,HGPKIDVW,HLA-B0702,0.0054809611038396325,46.224673913043475,30248.750500418537,0.6655211912943871,0.4558991981672394,0.581672394043528,moderate presentation + moderate affinity,Medium Priority,Heuristic medium-priority candidate: moderate presentation + moderate affinity.
TTC7A,833,NEAALDCF,HLA-B0702,0.006546157493479419,37.35904891304347,30971.35636245722,0.7296678121420389,0.35738831615120276,0.5807560137457044,strong presentation + moderate affinity,Low Priority,Heuristic low-priority candidate: strong presentation + moderate affinity.
VCX3A,63,AVMAPEAESGP,HLA-B0702,0.004228725730939986,62.74467391304348,27309.094574666644,0.5040091638029782,0.693012600229095,0.5796105383734249,moderate presentation + strong affinity,Medium Priority,Heuristic medium-priority candidate: moderate presentation + strong affinity.
ADGRE3,357,LTSQEEDPVLI,HLA-B0702,0.003988015220599083,99.28660326086957,25765.895840636353,0.4581901489117984,0.7583046964490263,0.5782359679266895,moderate presentation + strong affinity,Low Priority,Heuristic low-priority candidate: moderate presentation + strong affinity.
ACLY,547,KILIPVFKNM,HLA-B0702,0.004619283890751158,62.74467391304348,28824.743578331614,0.5715922107674685,0.5876288659793815,0.5780068728522336,moderate presentation + moderate affinity,Medium Priority,Heuristic medium-priority candidate: moderate presentation + moderate affinity.
ACLY,547,FYWGHKKILIP,HLA-B0702,0.01528761916094256,15.160951086956516,32702.932350427807,0.8820160366552119,0.12142038946162657,0.5777777777777778,strong presentation + weak affinity,Low Priority,Heuristic low-priority candidate: strong presentation + weak affinity.
ANO2,334,QEWVRYGVFYK,HLA-B0702,0.020586910415962226,11.6303260869565,33081.547216014005,0.9140893470790378,0.07216494845360824,0.5773195876288659,strong presentation + weak affinity,Low Priority,Heuristic low-priority candidate: strong presentation + weak affinity.
PAPPA2,453,HSSGEEEATV,HLA-B0702,0.0039518669785126226,99.28660326086957,25541.76662020794,0.4513172966781214,0.7651775486827033,0.5768613974799541,moderate presentation + strong affinity,Low Priority,Heuristic low-priority candidate: moderate presentation + strong affinity.
ACLY,547,QKFYWGHKKI,HLA-B0702,0.009360876160332512,24.57923913043477,32050.746092175297,0.8190148911798396,0.21305841924398625,0.5766323024054982,strong presentation + weak affinity,Low Priority,Heuristic low-priority candidate: strong presentation + weak affinity.
ZNF831,1480,SKGNFPHHDIA,HLA-B0702,0.008268650644086247,27.61739130434782,31816.21843494175,0.7938144329896907,0.24971363115693013,0.5761741122565864,strong presentation + weak affinity,Low Priority,Heuristic low-priority candidate: strong presentation + weak affinity.
RNF213,863,KLLEFYELP,HLA-B0702,0.009965289992489221,24.57923913043477,32203.693028735473,0.8316151202749141,0.19243986254295534,0.5759450171821305,strong presentation + weak affinity,Low Priority,Heuristic low-priority candidate: strong presentation + weak affinity.
TTC7A,833,GQNEAALDC,HLA-B0702,0.004020358122451827,62.74467391304348,26196.335766112523,0.4639175257731959,0.7434135166093929,0.5757159221076746,moderate presentation + strong affinity,Low Priority,Heuristic low-priority candidate: moderate presentation + strong affinity.
ADGRE3,357,SQEEDPVLIV,HLA-B0702,0.004042178520733081,62.74467391304348,26480.603584551824,0.46964490263459335,0.7342497136311569,0.5754868270332187,moderate presentation + strong affinity,Low Priority,Heuristic low-priority candidate: moderate presentation + strong affinity.
RNF213,863,SSTKLLEFY,HLA-B0702,0.005911905973886756,46.224673913043475,30706.64039740874,0.695303550973654,0.3951890034364261,0.5752577319587628,strong presentation + moderate affinity,Low Priority,Heuristic low-priority candidate: strong presentation + moderate affinity.
ACLY,547,QKFYWGHKKIL,HLA-B0702,0.00889596519928968,27.61739130434782,31981.884270855164,0.8075601374570447,0.2256586483390607,0.574799541809851,strong presentation + weak affinity,Low Priority,Heuristic low-priority candidate: strong presentation + weak affinity.
C12orf42,163,PKQAWKSSFL,HLA-B0702,0.0041237689585953835,62.74467391304348,27205.326092490723,0.4845360824742268,0.697594501718213,0.5697594501718213,moderate presentation + strong affinity,Low Priority,Heuristic low-priority candidate: moderate presentation + strong affinity.
KEL,684,MCRNPSPQDS,HLA-B0702,0.003928121390479941,99.28660326086957,25636.73833751962,0.43986254295532645,0.7617411225658648,0.5686139747995418,moderate presentation + strong affinity,Low Priority,Heuristic low-priority candidate: moderate presentation + strong affinity.
ACLY,547,KILIPVFK,HLA-B0702,0.01594803710617369,15.160951086956516,32839.144554170605,0.8854524627720504,0.09278350515463918,0.5683848797250859,strong presentation + weak affinity,Low Priority,Heuristic low-priority candidate: strong presentation + weak affinity.
USH2A,1769,ERKSGILTFRL,HLA-B0702,0.004533402938778656,62.74467391304348,29034.350548189464,0.5624284077892325,0.572737686139748,0.5665521191294387,moderate presentation + moderate affinity,Medium Priority,Heuristic medium-priority candidate: moderate presentation + moderate affinity.
C12orf42,163,KSSFLEQL,HLA-B0702,0.004751505683819681,62.74467391304348,29554.78707988199,0.5956471935853379,0.5211912943871707,0.565864833906071,moderate presentation + moderate affinity,Medium Priority,Heuristic medium-priority candidate: moderate presentation + moderate affinity.
FSCB,16,QMAIPKSSS,HLA-B0702,0.003940288881443979,99.28660326086957,26135.377048956514,0.4444444444444444,0.7457044673539519,0.5649484536082474,moderate presentation + strong affinity,Low Priority,Heuristic low-priority candidate: moderate presentation + strong affinity.
ANO2,334,RKLLYQEWVRY,HLA-B0702,0.020881822116549983,11.6303260869565,33379.67151772544,0.9163802978235968,0.035509736540664374,0.5640320733104237,strong presentation + weak affinity,Low Priority,Heuristic low-priority candidate: strong presentation + weak affinity.
PAPPA2,453,ATVLVLTA,HLA-B0702,0.012089689839331449,18.61798913043478,32701.9086903465,0.8579610538373424,0.12256586483390607,0.5638029782359679,strong presentation + weak affinity,Low Priority,Heuristic low-priority candidate: strong presentation + weak affinity.
SASH1,516,RSSLNGQSS,HLA-B0702,0.003916277535162765,99.28660326086957,25822.172718302965,0.434135166093929,0.7548682703321878,0.5624284077892325,moderate presentation + strong affinity,Low Priority,Heuristic low-priority candidate: moderate presentation + strong affinity.
TPR,1734,EAMQSEGLVE,HLA-B0702,0.004894750463128212,62.74467391304348,29962.85739391807,0.6128293241695304,0.4845360824742268,0.5615120274914089,moderate presentation + moderate affinity,Medium Priority,Heuristic medium-priority candidate: moderate presentation + moderate affinity.
ANO2,334,LYQEWVRYGV,HLA-B0702,0.004527558370506315,62.74467391304348,29168.600169763165,0.5601374570446735,0.563573883161512,0.5615120274914089,moderate presentation + moderate affinity,Medium Priority,Heuristic medium-priority candidate: moderate presentation + moderate affinity.
FSCB,16,QMAIPKSSSP,HLA-B0702,0.00405838860933386,62.74467391304348,27363.91719840477,0.4765177548682703,0.6872852233676976,0.5608247422680412,moderate presentation + strong affinity,Low Priority,Heuristic low-priority candidate: moderate presentation + strong affinity.
PTEN,130,KGQTGVMICAY,HLA-B0702,0.005073001914247313,46.224673913043475,30268.505561183345,0.6311569301260023,0.4536082474226804,0.5601374570446735,moderate presentation + moderate affinity,Medium Priority,Heuristic medium-priority candidate: moderate presentation + moderate affinity.
TPR,1734,EGLVEHVP,HLA-B0702,0.007920386870939884,31.643179347826077,31927.89763990673,0.7777777777777778,0.2325315005727377,0.5596792668957618,strong presentation + weak affinity,Low Priority,Heuristic low-priority candidate: strong presentation + weak affinity.
TPR,1734,QEAMQSEGLVE,HLA-B0702,0.004234834218630887,62.74467391304348,28259.401999382,0.5063001145475372,0.6357388316151202,0.5580756013745705,moderate presentation + moderate affinity,Medium Priority,Heuristic medium-priority candidate: moderate presentation + moderate affinity.
RNF213,863,KLLEFYELPA,HLA-B0702,0.0072558707921315455,31.643179347826077,31751.09742681798,0.7560137457044673,0.2600229095074456,0.5576174112256587,strong presentation + weak affinity,Low Priority,Heuristic low-priority candidate: strong presentation + weak affinity.
PTEN,130,CKAGKGQTGV,HLA-B0702,0.003888596568195857,99.28660326086957,26069.77045442036,0.42955326460481097,0.7468499427262314,0.5564719358533792,moderate presentation + strong affinity,Low Priority,Heuristic low-priority candidate: moderate presentation + strong affinity.
USH2A,1769,PDFLAMER,HLA-B0702,0.0048071842267854385,62.74467391304348,29951.440213600497,0.6025200458190149,0.4868270332187858,0.5562428407789233,moderate presentation + moderate affinity,Medium Priority,Heuristic medium-priority candidate: moderate presentation + moderate affinity.
USP24,1686,PVDSRSSLG,HLA-B0702,0.0038810895880742524,99.28660326086957,26041.47450747645,0.424971363115693,0.7502863688430699,0.5550973654066438,moderate presentation + strong affinity,Low Priority,Heuristic low-priority candidate: moderate presentation + strong affinity.
ADGRE3,357,QEEDPVLIVIT,HLA-B0702,0.004761041926470439,62.74467391304348,29915.04790305686,0.5979381443298969,0.48911798396334477,0.5544100801832761,moderate presentation + moderate affinity,Medium Priority,Heuristic medium-priority candidate: moderate presentation + moderate affinity.
SPIRE2,218,VREAKEMLK,HLA-B0702,0.003944658951912691,99.28660326086957,26940.50409992188,0.44788087056128295,0.7124856815578465,0.5537227949599084,moderate presentation + strong affinity,Low Priority,Heuristic low-priority candidate: moderate presentation + strong affinity.
TPR,1734,EGLVEHVPVF,HLA-B0702,0.004183548554775865,62.74467391304348,28250.67836393329,0.4948453608247423,0.6380297823596792,0.5521191294387171,moderate presentation + moderate affinity,Low Priority,Heuristic low-priority candidate: moderate presentation + moderate affinity.
ANO2,334,LYQEWVRY,HLA-B0702,0.008805030969445123,27.61739130434782,32373.83930938607,0.8029782359679267,0.1729667812142039,0.5509736540664376,strong presentation + weak affinity,Low Priority,Heuristic low-priority candidate: strong presentation + weak affinity.
UQCRC1,179,NDASVRDV,HLA-B0702,0.004838413286227599,62.74467391304348,30141.092187847076,0.6059564719358533,0.46849942726231386,0.5509736540664376,moderate presentation + moderate affinity,Medium Priority,Heuristic medium-priority candidate: moderate presentation + moderate affinity.
FSCB,16,KQMAIPKS,HLA-B0702,0.008921402847932814,27.61739130434782,32434.24972868038,0.8087056128293242,0.16380297823596793,0.5507445589919817,strong presentation + weak affinity,Low Priority,Heuristic low-priority candidate: strong presentation + weak affinity.
ZRANB3,393,PILSIQAA,HLA-B0702,0.0048225852600937615,62.74467391304348,30134.719784108074,0.6048109965635738,0.46964490263459335,0.5507445589919817,moderate presentation + moderate affinity,Medium Priority,Heuristic medium-priority candidate: moderate presentation + moderate affinity.
ANO2,334,VRYGVFYK,HLA-B0702,0.008960231923888187,27.61739130434782,32453.304956402026,0.8098510882016037,0.16151202749140894,0.5505154639175258,strong presentation + weak affinity,Low Priority,Heuristic low-priority candidate: strong presentation + weak affinity.
USP24,1686,LGFVGLRNGGA,HLA-B0702,0.0042390969706849755,62.74467391304348,28636.048586718818,0.5097365406643757,0.6116838487972509,0.5505154639175258,moderate presentation + moderate affinity,Medium Priority,Heuristic medium-priority candidate: moderate presentation + moderate affinity.
SPACA3,174,PNVKDTVI,HLA-B0702,0.003970862458929985,99.28660326086957,27308.57414851249,0.4536082474226804,0.6941580756013745,0.5498281786941581,moderate presentation + strong affinity,Low Priority,Heuristic low-priority candidate: moderate presentation + strong affinity.
UQCRC1,179,ENDASVRDV,HLA-B0702,0.003981197093591566,99.28660326086957,27349.235107513363,0.4570446735395189,0.6884306987399771,0.5495990836197022,moderate presentation + strong affinity,Low Priority,Heuristic low-priority candidate: moderate presentation + strong affinity.
TTC7A,833,EAALDCFLTA,HLA-B0702,0.004088990365093477,62.74467391304348,28029.046775254923,0.47995418098510884,0.6529209621993127,0.5491408934707904,moderate presentation + moderate affinity,Low Priority,Heuristic low-priority candidate: moderate presentation + moderate affinity.
ANO2,334,LLYQEWVRY,HLA-B0702,0.00802439679925419,27.61739130434782,32183.331652017998,0.7823596792668958,0.19473081328751432,0.5473081328751432,strong presentation + weak affinity,Low Priority,Heuristic low-priority candidate: strong presentation + weak affinity.
ADGRE3,357,PVLIVITY,HLA-B0702,0.007917021189414517,31.643179347826077,32153.260805827613,0.7754868270332188,0.19931271477663232,0.5450171821305843,strong presentation + weak affinity,Low Priority,Heuristic low-priority candidate: strong presentation + weak affinity.
ZNF831,1480,SSFGSKGNFP,HLA-B0702,0.004533109113651778,62.74467391304348,29580.428498585366,0.561282932416953,0.5177548682703322,0.5438717067583048,moderate presentation + moderate affinity,Medium Priority,Heuristic medium-priority candidate: moderate presentation + moderate affinity.
PTEN,130,QTGVMICAYL,HLA-B0702,0.0038416395750106975,99.28660326086957,26520.980761251045,0.41695303550973656,0.7308132875143184,0.5424971363115694,moderate presentation + strong affinity,Low Priority,Heuristic low-priority candidate: moderate presentation + strong affinity.
PAPPA2,453,SGEEEATVLV,HLA-B0702,0.00391964784616873,99.28660326086957,27122.03961375802,0.4352806414662085,0.702176403207331,0.5420389461626576,moderate presentation + strong affinity,Low Priority,Heuristic low-priority candidate: moderate presentation + strong affinity.
UQCRC1,179,MQENDASVRDV,HLA-B0702,0.004578924867759619,62.74467391304348,29727.869424739663,0.565864833906071,0.5051546391752577,0.5415807560137457,moderate presentation + moderate affinity,Medium Priority,Heuristic medium-priority candidate: moderate presentation + moderate affinity.
SPACA3,174,LLNPNVKDT,HLA-B0702,0.004246137130410229,62.74467391304348,28870.552117258114,0.5120274914089347,0.5853379152348225,0.5413516609392898,moderate presentation + moderate affinity,Medium Priority,Heuristic medium-priority candidate: moderate presentation + moderate affinity.
FSCB,16,KQMAIPKSSS,HLA-B0702,0.0042521100684508335,62.74467391304348,28957.36104966867,0.5131729667812142,0.579610538373425,0.5397479954180985,moderate presentation + moderate affinity,Medium Priority,Heuristic medium-priority candidate: moderate presentation + moderate affinity.
LRP2,240,WDCDGEDDC,HLA-B0702,0.0037967796188791343,99.28660326086957,26528.07254953739,0.40893470790378006,0.7296678121420389,0.5372279495990836,moderate presentation + strong affinity,Low Priority,Heuristic low-priority candidate: moderate presentation + strong affinity.
ANO2,334,LYQEWVRYG,HLA-B0702,0.005716634909582583,46.224673913043475,31259.29809657188,0.6827033218785796,0.3172966781214204,0.5365406643757159,strong presentation + weak affinity,Low Priority,Heuristic low-priority candidate: strong presentation + weak affinity.
LRP2,240,DCDGEDDCKD,HLA-B0702,0.00379541308957004,99.28660326086957,26536.704716685283,0.40778923253150057,0.7285223367697594,0.5360824742268041,moderate presentation + strong affinity,Low Priority,Heuristic low-priority candidate: moderate presentation + strong affinity.
FSCB,16,IEKKKQMA,HLA-B0702,0.0038345149340712607,99.28660326086957,26944.035523768027,0.41580756013745707,0.711340206185567,0.5340206185567011,moderate presentation + strong affinity,Low Priority,Heuristic low-priority candidate: moderate presentation + strong affinity.
VCX3A,63,TKMAAVMA,HLA-B0702,0.008268581662786725,27.61739130434782,32543.299692923312,0.7926689576174112,0.145475372279496,0.5337915234822451,strong presentation + weak affinity,Low Priority,Heuristic low-priority candidate: strong presentation + weak affinity.
TTC7A,833,QGQNEAAL,HLA-B0702,0.0038261978991016225,99.28660326086957,26996.17235953294,0.4146620847651776,0.709049255441008,0.5324169530355098,moderate presentation + strong affinity,Low Priority,Heuristic low-priority candidate: moderate presentation + strong affinity.
ADGRE3,357,VLIVITYVGL,HLA-B0702,0.003976343982226619,99.28660326086957,28185.079164907107,0.4547537227949599,0.6414662084765178,0.529438717067583,moderate presentation + moderate affinity,Low Priority,Heuristic low-priority candidate: moderate presentation + moderate affinity.
SPIRE2,218,VREAKEMLKKL,HLA-B0702,0.0038877325489967917,99.28660326086957,27483.9532757859,0.4284077892325315,0.6804123711340206,0.5292096219931272,moderate presentation + strong affinity,Low Priority,Heuristic low-priority candidate: moderate presentation + strong affinity.
SPACA3,174,MYCSDLLNPNV,HLA-B0702,0.0038591150974416955,99.28660326086957,27329.472627030187,0.4215349369988545,0.6907216494845361,0.5292096219931272,moderate presentation + strong affinity,Low Priority,Heuristic low-priority candidate: moderate presentation + strong affinity.
SPACA3,174,PNVKDTVIC,HLA-B0702,0.0037792749179043393,99.28660326086957,26734.965704117833,0.4009163802978236,0.720504009163803,0.5287514318442154,moderate presentation + strong affinity,Low Priority,Heuristic low-priority candidate: moderate presentation + strong affinity.
VCX3A,63,AATKMAAVMAP,HLA-B0702,0.005522072905864932,46.224673913043475,31280.73867249805,0.6723940435280642,0.3127147766323024,0.5285223367697595,strong presentation + weak affinity,Low Priority,Heuristic low-priority candidate: strong presentation + weak affinity.
PTEN,130,QTGVMICAY,HLA-B0702,0.004684720421055253,62.74467391304348,30314.65125764891,0.581901489117984,0.44329896907216493,0.5264604810996564,moderate presentation + moderate affinity,Medium Priority,Heuristic medium-priority candidate: moderate presentation + moderate affinity.
KEL,684,SYAQVMCRNP,HLA-B0702,0.008005676402450425,31.643179347826077,32544.303171717664,0.7800687285223368,0.14432989690721648,0.5257731958762887,strong presentation + weak affinity,Low Priority,Heuristic low-priority candidate: strong presentation + weak affinity.
PAPPA2,453,GEEEATVLVLT,HLA-B0702,0.004905705402482632,62.74467391304348,30752.22249623989,0.6151202749140894,0.38946162657502864,0.5248568155784651,moderate presentation + moderate affinity,Low Priority,Heuristic low-priority candidate: moderate presentation + moderate affinity.
KEL,684,VMCRNPSPQ,HLA-B0702,0.003795388438644883,99.28660326086957,27170.926072056,0.4066437571592211,0.699885452462772,0.5239404352806415,moderate presentation + strong affinity,Low Priority,Heuristic low-priority candidate: moderate presentation + strong affinity.
UQCRC1,179,SVRDVVFNYLH,HLA-B0702,0.009005965047682694,27.61739130434782,32919.2086624016,0.8109965635738832,0.0882016036655212,0.5218785796105384,strong presentation + weak affinity,Low Priority,Heuristic low-priority candidate: strong presentation + weak affinity.
PTEN,130,IHCKAGKGQTG,HLA-B0702,0.0037846090851617552,99.28660326086957,27194.057105634758,0.4032073310423826,0.6987399770904925,0.5214203894616266,moderate presentation + strong affinity,Low Priority,Heuristic low-priority candidate: moderate presentation + strong affinity.
ADGRE3,357,TSQEEDPVLIV,HLA-B0702,0.0037762830925483952,99.28660326086957,27106.65845592944,0.39862542955326463,0.7044673539518901,0.5209621993127148,moderate presentation + strong affinity,Low Priority,Heuristic low-priority candidate: moderate presentation + strong affinity.
HUNK,240,APELLARKKHG,HLA-B0702,0.0038097664867271313,99.28660326086957,27464.069426657217,0.41008018327605955,0.6827033218785796,0.5191294387170676,moderate presentation + strong affinity,Low Priority,Heuristic low-priority candidate: moderate presentation + strong affinity.
ACLY,547,HKKILIPV,HLA-B0702,0.00420425332949672,62.74467391304348,29330.320811571724,0.49942726231386025,0.54524627720504,0.5177548682703321,moderate presentation + moderate affinity,Low Priority,Heuristic low-priority candidate: moderate presentation + moderate affinity.
PTEN,130,KGQTGVMI,HLA-B0702,0.0039422935781077695,99.28660326086957,28504.986404084673,0.44673539518900346,0.6219931271477663,0.5168384879725085,moderate presentation + moderate affinity,Low Priority,Heuristic low-priority candidate: moderate presentation + moderate affinity.
ANO2,334,RKLLYQEWV,HLA-B0702,0.004703115950387079,62.74467391304348,30580.53710222038,0.5876288659793815,0.4066437571592211,0.5152348224513174,moderate presentation + moderate affinity,Medium Priority,Heuristic medium-priority candidate: moderate presentation + moderate affinity.
ANO2,334,VRYGVFYKFQP,HLA-B0702,0.009710603346101925,24.57923913043477,33233.123914445474,0.827033218785796,0.044673539518900345,0.5140893470790378,strong presentation + weak affinity,Low Priority,Heuristic low-priority candidate: strong presentation + weak affinity.
USP24,1686,SSLGFVGL,HLA-B0702,0.004103777721680833,62.74467391304348,29189.675617410645,0.4833906071019473,0.5601374570446735,0.5140893470790378,moderate presentation + moderate affinity,Low Priority,Heuristic low-priority candidate: moderate presentation + moderate affinity.
HUNK,240,LARKKHGP,HLA-B0702,0.0037300971846406595,99.28660326086957,27120.9498215474,0.38717067583046966,0.7033218785796106,0.5136311569301261,moderate presentation + strong affinity,Low Priority,Heuristic low-priority candidate: moderate presentation + strong affinity.
ZRANB3,393,DTRVPILS,HLA-B0702,0.0057265654974852365,46.224673913043475,31755.09918465235,0.6838487972508591,0.25773195876288657,0.51340206185567,strong presentation + weak affinity,Low Priority,Heuristic low-priority candidate: strong presentation + weak affinity.
SASH1,516,SLRSSLNGQ,HLA-B0702,0.0038800790108572264,99.28660326086957,28165.639295714056,0.4238258877434135,0.6437571592210768,0.5117983963344788,moderate presentation + moderate affinity,Low Priority,Heuristic low-priority candidate: moderate presentation + moderate affinity.
FSCB,16,EKKKQMAI,HLA-B0702,0.003953792879313577,99.28660326086957,28768.797445656564,0.4524627720504009,0.5990836197021764,0.5111111111111111,moderate presentation + moderate affinity,Low Priority,Heuristic low-priority candidate: moderate presentation + moderate affinity.
SPIRE2,218,EAKEMLKKLR,HLA-B0702,0.004726864075392734,62.74467391304348,30770.362826467383,0.5922107674684994,0.38717067583046966,0.5101947308132875,moderate presentation + moderate affinity,Low Priority,Heuristic low-priority candidate: moderate presentation + moderate affinity.
VCX3A,63,AAVMAPEAE,HLA-B0702,0.0037246428523692652,99.28660326086957,27240.285596232065,0.3848797250859107,0.6964490263459335,0.5095074455899198,moderate presentation + strong affinity,Low Priority,Heuristic low-priority candidate: moderate presentation + strong affinity.
CNTRL,1709,LDMLQLESH,HLA-B0702,0.0039422035320711936,99.28660326086957,28711.724709626928,0.44558991981672397,0.6048109965635738,0.5092783505154639,moderate presentation + moderate affinity,Low Priority,Heuristic low-priority candidate: moderate presentation + moderate affinity.
LRP2,240,QNWDCDGEDDC,HLA-B0702,0.0037122538519549714,99.28660326086957,27167.06137016057,0.38144329896907214,0.7010309278350515,0.5092783505154639,moderate presentation + strong affinity,Low Priority,Heuristic low-priority candidate: moderate presentation + strong affinity.
ANO2,334,RKLLYQEWVR,HLA-B0702,0.005923815890542656,46.224673913043475,31997.811435855336,0.6964490263459335,0.22336769759450173,0.5072164948453608,strong presentation + weak affinity,Low Priority,Heuristic low-priority candidate: strong presentation + weak affinity.
VCX3A,63,AVMAPEAESG,HLA-B0702,0.003925446496342257,99.28660326086957,28662.302101039244,0.43871706758304696,0.6082474226804123,0.5065292096219931,moderate presentation + moderate affinity,Low Priority,Heuristic low-priority candidate: moderate presentation + moderate affinity.
C12orf42,163,QAWKSSFLEQ,HLA-B0702,0.007316680026316872,31.643179347826077,32697.64211550915,0.7594501718213058,0.12371134020618557,0.5051546391752577,strong presentation + weak affinity,Low Priority,Heuristic low-priority candidate: strong presentation + weak affinity.
TPR,1734,AMQSEGLVE,HLA-B0702,0.0038468683026832047,99.28660326086957,28292.038566046915,0.41809851088201605,0.6334478808705613,0.5042382588774341,moderate presentation + moderate affinity,Low Priority,Heuristic low-priority candidate: moderate presentation + moderate affinity.
HUNK,240,LLARKKHGPKI,HLA-B0702,0.0037279289730432364,99.28660326086957,27489.475612868147,0.38602520045819017,0.6792668957617412,0.5033218785796105,moderate presentation + strong affinity,Low Priority,Heuristic low-priority candidate: moderate presentation + strong affinity.
C12orf42,163,WKSSFLEQLVK,HLA-B0702,0.006248618485596141,37.35904891304347,32380.388674436646,0.7239404352806414,0.1706758304696449,0.5026345933562428,strong presentation + weak affinity,Low Priority,Heuristic low-priority candidate: strong presentation + weak affinity.
VCX3A,63,AATKMAAVMA,HLA-B0702,0.004095987240740632,62.74467391304348,29445.867255294474,0.48109965635738833,0.5337915234822451,0.502176403207331,moderate presentation + moderate affinity,Low Priority,Heuristic low-priority candidate: moderate presentation + moderate affinity.
VCX3A,63,VMAPEAESG,HLA-B0702,0.0037646107099901477,99.28660326086957,27997.504420210866,0.3974799541809851,0.6563573883161512,0.5010309278350515,moderate presentation + moderate affinity,Low Priority,Heuristic low-priority candidate: moderate presentation + moderate affinity.
CNTRL,1709,ESHELQGL,HLA-B0702,0.003822906691947656,99.28660326086957,28310.22964999529,0.41237113402061853,0.6311569301260023,0.49988545246277205,moderate presentation + moderate affinity,Low Priority,Heuristic low-priority candidate: moderate presentation + moderate affinity.
VCX3A,63,GAATKMAAVMA,HLA-B0702,0.004152025246167051,62.74467391304348,29670.050100913908,0.49026345933562426,0.5120274914089347,0.4989690721649484,moderate presentation + moderate affinity,Low Priority,Heuristic low-priority candidate: moderate presentation + moderate affinity.
ZRANB3,393,PDTRVPILS,HLA-B0702,0.003704598129237488,99.28660326086957,27506.697092687515,0.37915234822451316,0.6781214203894617,0.49873997709049256,moderate presentation + strong affinity,Low Priority,Heuristic low-priority candidate: moderate presentation + strong affinity.
SPACA3,174,YCSDLLNPNVK,HLA-B0702,0.0037438769721527916,99.28660326086957,27877.01676160597,0.3917525773195876,0.6586483390607102,0.49851088201603666,moderate presentation + moderate affinity,Low Priority,Heuristic low-priority candidate: moderate presentation + moderate affinity.
SPACA3,174,PNVKDTVICAM,HLA-B0702,0.003715799979653303,99.28660326086957,27629.76513679743,0.38258877434135163,0.6712485681557846,0.4980526918671248,moderate presentation + strong affinity,Low Priority,Heuristic low-priority candidate: moderate presentation + strong affinity.
ZNF831,1480,SFGSKGNFP,HLA-B0702,0.0037201547254342815,99.28660326086957,27687.73514489962,0.3837342497136312,0.6689576174112256,0.49782359679266897,moderate presentation + moderate affinity,Low Priority,Heuristic low-priority candidate: moderate presentation + moderate affinity.
ANO2,334,YQEWVRYGVFY,HLA-B0702,0.008576662970809026,27.61739130434782,33246.39324955652,0.8006872852233677,0.042382588774341354,0.49736540664375717,strong presentation + weak affinity,Low Priority,Heuristic low-priority candidate: strong presentation + weak affinity.
ANO2,334,KLLYQEWVRY,HLA-B0702,0.009368846461892014,24.57923913043477,33753.35595343005,0.8201603665521191,0.009163802978235968,0.4957617411225658,strong presentation + weak affinity,Low Priority,Heuristic low-priority candidate: strong presentation + weak affinity.
SPIRE2,218,KEMLKKLR,HLA-B0702,0.004672501475047938,62.74467391304348,30901.33565976582,0.579610538373425,0.36884306987399773,0.4953035509736541,moderate presentation + moderate affinity,Low Priority,Heuristic low-priority candidate: moderate presentation + moderate affinity.
UQCRC1,179,ENDASVRDVV,HLA-B0702,0.003857179272454052,99.28660326086957,28663.119939744487,0.42038946162657503,0.6071019473081328,0.4950744558991982,moderate presentation + moderate affinity,Low Priority,Heuristic low-priority candidate: moderate presentation + moderate affinity.
CNTRL,1709,SHELQGLK,HLA-B0702,0.004661697708987826,62.74467391304348,30895.388929729455,0.5773195876288659,0.3699885452462772,0.4943871706758304,moderate presentation + moderate affinity,Low Priority,Heuristic low-priority candidate: moderate presentation + moderate affinity.
ACLY,547,KKILIPVFKNM,HLA-B0702,0.005764137048039241,46.224673913043475,32134.22412186037,0.6861397479954181,0.2027491408934708,0.49278350515463915,strong presentation + weak affinity,Low Priority,Heuristic low-priority candidate: strong presentation + weak affinity.
USP24,1686,PVDSRSSLGFV,HLA-B0702,0.003697907811020158,99.28660326086957,27664.220097780708,0.3734249713631157,0.6701030927835051,0.4920962199312715,moderate presentation + strong affinity,Low Priority,Heuristic low-priority candidate: moderate presentation + strong affinity.
CNTRL,1709,ILDMLQLES,HLA-B0702,0.0037001747176701816,99.28660326086957,27726.38701166012,0.3745704467353952,0.6678121420389461,0.4918671248568156,moderate presentation + moderate affinity,Low Priority,Heuristic low-priority candidate: moderate presentation + moderate affinity.
VCX3A,63,ATKMAAVMAP,HLA-B0702,0.004671089374562104,62.74467391304348,30953.53832625251,0.5784650630011455,0.36082474226804123,0.4914089347079038,moderate presentation + moderate affinity,Low Priority,Heuristic low-priority candidate: moderate presentation + moderate affinity.
KEL,684,CRNPSPQDSH,HLA-B0702,0.0036838402894471124,99.28660326086957,27601.970951525524,0.3699885452462772,0.6735395189003437,0.4914089347079038,moderate presentation + strong affinity,Low Priority,Heuristic low-priority candidate: moderate presentation + strong affinity.
TTC7A,833,AQGQNEAALDC,HLA-B0702,0.0036818225020128366,99.28660326086957,27508.669775543567,0.3665521191294387,0.6769759450171822,0.4907216494845361,moderate presentation + strong affinity,Low Priority,Heuristic low-priority candidate: moderate presentation + strong affinity.
HUNK,240,KHGPKIDV,HLA-B0702,0.0037461532521200183,99.28660326086957,28282.12941591686,0.3940435280641466,0.6345933562428407,0.49026345933562426,moderate presentation + moderate affinity,Low Priority,Heuristic low-priority candidate: moderate presentation + moderate affinity.
HUNK,240,ARKKHGPKIDV,HLA-B0702,0.0037021741765555596,99.28660326086957,28104.474939846456,0.37800687285223367,0.6494845360824743,0.4865979381443299,moderate presentation + moderate affinity,Low Priority,Heuristic low-priority candidate: moderate presentation + moderate affinity.
PAPPA2,453,EEEATVLV,HLA-B0702,0.003756326817220186,99.28660326086957,28525.699872271507,0.3963344788087056,0.6197021764032073,0.4856815578465063,moderate presentation + moderate affinity,Low Priority,Heuristic low-priority candidate: moderate presentation + moderate affinity.
C12orf42,163,WKSSFLEQLV,HLA-B0702,0.004711088986143679,62.74467391304348,31180.701311120098,0.5899198167239404,0.32875143184421535,0.48545246277205045,moderate presentation + weak affinity,Low Priority,Heuristic low-priority candidate: moderate presentation + weak affinity.
SPACA3,174,CSDLLNPNVKD,HLA-B0702,0.0036626095342415094,99.28660326086957,27627.026874657982,0.36082474226804123,0.6723940435280642,0.48545246277205045,moderate presentation + strong affinity,Low Priority,Heuristic low-priority candidate: moderate presentation + strong affinity.
RNF213,863,STKLLEFY,HLA-B0702,0.007590730600101068,31.643179347826077,33089.368200587254,0.7605956471935853,0.06987399770904926,0.48430698739977085,strong presentation + weak affinity,Low Priority,Heuristic low-priority candidate: strong presentation + weak affinity.
C12orf42,163,RGAPKQAWK,HLA-B0702,0.0036881562341304786,99.28660326086957,28030.0528460196,0.3711340206185567,0.6517754868270332,0.48339060710194737,moderate presentation + moderate affinity,Low Priority,Heuristic low-priority candidate: moderate presentation + moderate affinity.
USP24,1686,RSSLGFVGLR,HLA-B0702,0.004009759871870441,62.74467391304348,29656.719470819957,0.4616265750286369,0.5143184421534936,0.4827033218785796,moderate presentation + moderate affinity,Low Priority,Heuristic low-priority candidate: moderate presentation + moderate affinity.
ANO2,334,DRKLLYQEWVR,HLA-B0702,0.005276485392350438,46.224673913043475,31966.658998406092,0.6506300114547537,0.2268041237113402,0.48109965635738833,moderate presentation + weak affinity,Low Priority,Heuristic low-priority candidate: moderate presentation + weak affinity.
PTEN,130,QTGVMICA,HLA-B0702,0.006550215607112978,37.35904891304347,32802.61365794479,0.7308132875143184,0.10309278350515463,0.4797250859106529,strong presentation + weak affinity,Low Priority,Heuristic low-priority candidate: strong presentation + weak affinity.
ZNF831,1480,SFGSKGNFPH,HLA-B0702,0.003852305572886281,99.28660326086957,29092.303456350837,0.41924398625429554,0.5693012600229095,0.4792668957617411,moderate presentation + moderate affinity,Low Priority,Heuristic low-priority candidate: moderate presentation + moderate affinity.
USH2A,1769,GPDFLAMERKS,HLA-B0702,0.0036507176933699135,99.28660326086957,27815.241742990613,0.35738831615120276,0.6620847651775487,0.4792668957617411,moderate presentation + moderate affinity,Low Priority,Heuristic low-priority candidate: moderate presentation + moderate affinity.
VCX3A,63,TKMAAVMAPE,HLA-B0702,0.004897634543651953,62.74467391304348,31635.292339364285,0.6139747995418099,0.27491408934707906,0.47835051546391755,moderate presentation + weak affinity,Low Priority,Heuristic low-priority candidate: moderate presentation + weak affinity.
USP24,1686,VDSRSSLGFV,HLA-B0702,0.003660084910733778,99.28660326086957,28023.55057208597,0.35967926689576174,0.6540664375715922,0.4774341351660939,moderate presentation + moderate affinity,Low Priority,Heuristic low-priority candidate: moderate presentation + moderate affinity.
LRP2,240,WDCDGEDDCKD,HLA-B0702,0.0036364812969580016,99.28660326086957,27735.05685103021,0.34936998854524626,0.6666666666666666,0.4762886597938144,moderate presentation + moderate affinity,Low Priority,Heuristic low-priority candidate: moderate presentation + moderate affinity.
C12orf42,163,RGAPKQAWKSS,HLA-B0702,0.0037009727740349484,99.28660326086957,28491.210089513617,0.3757159221076747,0.6254295532646048,0.4756013745704467,moderate presentation + moderate affinity,Low Priority,Heuristic low-priority candidate: moderate presentation + moderate affinity.
KEL,684,AQVMCRNPSPQ,HLA-B0702,0.003882615749033063,99.28660326086957,29322.049332705043,0.4261168384879725,0.5475372279495991,0.4746849942726231,moderate presentation + moderate affinity,Low Priority,Heuristic low-priority candidate: moderate presentation + moderate affinity.
FSCB,16,KKQMAIPK,HLA-B0702,0.005350866841550109,46.224673913043475,32143.945891449974,0.6563573883161512,0.2016036655211913,0.4744558991981672,moderate presentation + weak affinity,Low Priority,Heuristic low-priority candidate: moderate presentation + weak affinity.
FSCB,16,KKKQMAIP,HLA-B0702,0.006036138938107851,37.35904891304347,32715.25490200244,0.7079037800687286,0.12027491408934708,0.47285223367697593,strong presentation + weak affinity,Low Priority,Heuristic low-priority candidate: strong presentation + weak affinity.
VCX3A,63,ATKMAAVMAPE,HLA-B0702,0.0043850739567056025,62.74467391304348,30891.528881757346,0.5406643757159221,0.3711340206185567,0.47285223367697593,moderate presentation + moderate affinity,Low Priority,Heuristic low-priority candidate: moderate presentation + moderate affinity.
VCX3A,63,MAAVMAPEAES,HLA-B0702,0.003635004622708085,99.28660326086957,27872.184094652464,0.3470790378006873,0.6597938144329897,0.47216494845360824,moderate presentation + moderate affinity,Low Priority,Heuristic low-priority candidate: moderate presentation + moderate affinity.
SASH1,516,LRSSLNGQSS,HLA-B0702,0.00362714316522046,99.28660326086957,27846.132380869618,0.3447880870561283,0.6609392898052692,0.47124856815578464,moderate presentation + moderate affinity,Low Priority,Heuristic low-priority candidate: moderate presentation + moderate affinity.
ACLY,547,GHKKILIPVFK,HLA-B0702,0.004970060288746982,62.74467391304348,31871.555833340488,0.6197021764032073,0.24284077892325315,0.46895761741122566,moderate presentation + weak affinity,Low Priority,Heuristic low-priority candidate: moderate presentation + weak affinity.
CNTRL,1709,ESHELQGLKLQ,HLA-B0702,0.006021648458168417,37.35904891304347,32759.032810450954,0.7056128293241696,0.1134020618556701,0.46872852233676976,strong presentation + weak affinity,Low Priority,Heuristic low-priority candidate: strong presentation + weak affinity.
ANO2,334,EWVRYGVFY,HLA-B0702,0.005382439252315386,46.224673913043475,32264.376165517784,0.6597938144329897,0.18098510882016036,0.46827033218785796,moderate presentation + weak affinity,Low Priority,Heuristic low-priority candidate: moderate presentation + weak affinity.
ZNF831,1480,KGNFPHHDIA,HLA-B0702,0.0039497738537058865,99.28660326086957,29843.840302547327,0.44902634593356244,0.4948453608247423,0.46735395189003437,moderate presentation + moderate affinity,Low Priority,Heuristic low-priority candidate: moderate presentation + moderate affinity.
RNF213,863,TKLLEFYELP,HLA-B0702,0.006891409490559098,37.35904891304347,33202.0712466405,0.7422680412371134,0.053837342497136315,0.4668957617411226,strong presentation + weak affinity,Low Priority,Heuristic low-priority candidate: strong presentation + weak affinity.
CNTRL,1709,ILDMLQLESH,HLA-B0702,0.0037833208885767696,99.28660326086957,29241.044151928425,0.4020618556701031,0.5578465063001146,0.4643757159221077,moderate presentation + moderate affinity,Low Priority,Heuristic low-priority candidate: moderate presentation + moderate affinity.
KEL,684,QVMCRNPSPQ,HLA-B0702,0.0036232050445207022,99.28660326086957,28107.70066500701,0.3424971363115693,0.6471935853379153,0.4643757159221077,moderate presentation + moderate affinity,Low Priority,Heuristic low-priority candidate: moderate presentation + moderate affinity.
RNF213,863,LLEFYELPA,HLA-B0702,0.0036639618141125333,99.28660326086957,28562.928844739195,0.3619702176403207,0.6174112256586484,0.4641466208476518,moderate presentation + moderate affinity,Low Priority,Heuristic low-priority candidate: moderate presentation + moderate affinity.
FSCB,16,EKKKQMAIP,HLA-B0702,0.004276081530800731,62.74467391304348,30793.0941844846,0.5177548682703322,0.38258877434135163,0.46368843069874,moderate presentation + moderate affinity,Low Priority,Heuristic low-priority candidate: moderate presentation + moderate affinity.
PTEN,130,CKAGKGQTG,HLA-B0702,0.0036074143795662723,99.28660326086957,28013.111726128707,0.3344788087056128,0.6552119129438717,0.4627720504009164,moderate presentation + moderate affinity,Low Priority,Heuristic low-priority candidate: moderate presentation + moderate affinity.
SPACA3,174,PNVKDTVICA,HLA-B0702,0.003988268395739089,99.28660326086957,30147.112940594587,0.45933562428407787,0.4662084765177549,0.46208476517754865,moderate presentation + moderate affinity,Low Priority,Heuristic low-priority candidate: moderate presentation + moderate affinity.
ZNF831,1480,GNFPHHDIATS,HLA-B0702,0.0043743716721377,62.74467391304348,31047.454774897094,0.5372279495990836,0.3436426116838488,0.45979381443298967,moderate presentation + moderate affinity,Low Priority,Heuristic low-priority candidate: moderate presentation + moderate affinity.
CNTRL,1709,QLESHELQGLK,HLA-B0702,0.004659392182492966,62.74467391304348,31487.093528727528,0.5761741122565864,0.2852233676975945,0.4597938144329896,moderate presentation + weak affinity,Low Priority,Heuristic low-priority candidate: moderate presentation + weak affinity.
PAPPA2,453,ATVLVLTAS,HLA-B0702,0.00404804128061862,62.74467391304348,30360.57409625002,0.47308132875143183,0.43871706758304696,0.4593356242840779,moderate presentation + moderate affinity,Low Priority,Heuristic low-priority candidate: moderate presentation + moderate affinity.
TTC7A,833,ALDCFLTA,HLA-B0702,0.004165285100346431,62.74467391304348,30563.647943107968,0.49140893470790376,0.41008018327605955,0.458877434135166,moderate presentation + moderate affinity,Low Priority,Heuristic low-priority candidate: moderate presentation + moderate affinity.
HUNK,240,LLARKKHGP,HLA-B0702,0.0036058996845087263,99.28660326086957,28155.48865760586,0.3321878579610538,0.6449026345933563,0.45727376861397484,moderate presentation + moderate affinity,Low Priority,Heuristic low-priority candidate: moderate presentation + moderate affinity.
SPIRE2,218,REAKEMLK,HLA-B0702,0.004172651667895483,62.74467391304348,30638.128358440943,0.4925544100801833,0.3997709049255441,0.45544100801832765,moderate presentation + moderate affinity,Low Priority,Heuristic low-priority candidate: moderate presentation + moderate affinity.
SPIRE2,218,AKEMLKKLR,HLA-B0702,0.004042481782459078,62.74467391304348,30411.739184776983,0.47079037800687284,0.42955326460481097,0.4542955326460481,moderate presentation + moderate affinity,Low Priority,Heuristic low-priority candidate: moderate presentation + moderate affinity.
VCX3A,63,KMAAVMAP,HLA-B0702,0.006186902740405652,37.35904891304347,33146.316212313555,0.715922107674685,0.05956471935853379,0.45337915234822446,strong presentation + weak affinity,Low Priority,Heuristic low-priority candidate: strong presentation + weak affinity.
KEL,684,CRNPSPQDS,HLA-B0702,0.0035869157477993485,99.28660326086957,28213.56536858474,0.32875143184421535,0.6391752577319587,0.45292096219931266,weak presentation + moderate affinity,Low Priority,Heuristic low-priority candidate: weak presentation + moderate affinity.
ACLY,547,WGHKKILIPV,HLA-B0702,0.0036417479600603427,99.28660326086957,28783.134219980293,0.3539518900343643,0.5967926689576174,0.45108820160366553,moderate presentation + moderate affinity,Low Priority,Heuristic low-priority candidate: moderate presentation + moderate affinity.
SPIRE2,218,AKEMLKKL,HLA-B0702,0.0038229558406492918,99.28660326086957,29708.606001083135,0.413516609392898,0.5074455899198167,0.4510882016036655,moderate presentation + moderate affinity,Low Priority,Heuristic low-priority candidate: moderate presentation + moderate affinity.
VCX3A,63,VMAPEAESGP,HLA-B0702,0.003650665073138809,99.28660326086957,28796.90903639409,0.35624284077892326,0.5922107674684994,0.45063001145475373,moderate presentation + moderate affinity,Low Priority,Heuristic low-priority candidate: moderate presentation + moderate affinity.
ZRANB3,393,PILSIQAAG,HLA-B0702,0.003578036050418529,99.28660326086957,28302.198620278745,0.32531500572737687,0.6323024054982818,0.4481099656357388,weak presentation + moderate affinity,Low Priority,Heuristic low-priority candidate: weak presentation + moderate affinity.
PTEN,130,GQTGVMICAYL,HLA-B0702,0.004124940199894248,62.74467391304348,30773.43732495303,0.4856815578465063,0.38602520045819017,0.4458190148911798,moderate presentation + moderate affinity,Low Priority,Heuristic low-priority candidate: moderate presentation + moderate affinity.
FSCB,16,TDVIEKKKQMA,HLA-B0702,0.0039159989197171865,99.28660326086957,30190.17216844044,0.4329896907216495,0.4627720504009164,0.44490263459335627,moderate presentation + moderate affinity,Low Priority,Heuristic low-priority candidate: moderate presentation + moderate affinity.
RNF213,863,EFYELPALSAE,HLA-B0702,0.005990286324955867,46.224673913043475,33178.768174380166,0.7033218785796106,0.056128293241695305,0.4444444444444444,strong presentation + weak affinity,Low Priority,Heuristic low-priority candidate: strong presentation + weak affinity.
ZRANB3,393,KDPDTRVP,HLA-B0702,0.004064058403799516,62.74467391304348,30709.7142847265,0.47766323024054985,0.3940435280641466,0.4442153493699885,moderate presentation + moderate affinity,Low Priority,Heuristic low-priority candidate: moderate presentation + moderate affinity.
KEL,684,YAQVMCRNP,HLA-B0702,0.003920538693206908,99.28660326086957,30249.32293469209,0.436426116838488,0.4547537227949599,0.4437571592210768,moderate presentation + moderate affinity,Low Priority,Heuristic low-priority candidate: moderate presentation + moderate affinity.
ANO2,334,KLLYQEWVRYG,HLA-B0702,0.0066638709340762796,37.35904891304347,34217.59311758307,0.7353951890034365,0.001145475372279496,0.4416953035509737,strong presentation + weak affinity,Low Priority,Heuristic low-priority candidate: strong presentation + weak affinity.
C12orf42,163,ARGAPKQAWK,HLA-B0702,0.003609600316516655,99.28660326086957,28783.657919374255,0.33676975945017185,0.5956471935853379,0.44032073310423825,moderate presentation + moderate affinity,Low Priority,Heuristic low-priority candidate: moderate presentation + moderate affinity.
KEL,684,AQVMCRNPSP,HLA-B0702,0.0036388641269092695,99.28660326086957,29025.834717505328,0.35051546391752575,0.5738831615120275,0.43986254295532645,moderate presentation + moderate affinity,Low Priority,Heuristic low-priority candidate: moderate presentation + moderate affinity.
KEL,684,AQVMCRNPS,HLA-B0702,0.0036234528418000963,99.28660326086957,28877.30655690255,0.3436426116838488,0.584192439862543,0.43986254295532645,moderate presentation + moderate affinity,Low Priority,Heuristic low-priority candidate: moderate presentation + moderate affinity.
TPR,1734,GLVEHVPV,HLA-B0702,0.004290607210591507,62.74467391304348,31271.357005491416,0.5200458190148912,0.3150057273768614,0.43802978235967927,moderate presentation + weak affinity,Low Priority,Heuristic low-priority candidate: moderate presentation + weak affinity.
CNTRL,1709,LESHELQGLK,HLA-B0702,0.003793619413908292,99.28660326086957,29952.186060183485,0.4054982817869416,0.4856815578465063,0.43757159221076747,moderate presentation + moderate affinity,Low Priority,Heuristic low-priority candidate: moderate presentation + moderate affinity.
KEL,684,RNPSPQDSH,HLA-B0702,0.0035468747655052414,99.28660326086957,28498.713049364116,0.3127147766323024,0.6242840778923253,0.43734249713631157,weak presentation + moderate affinity,Low Priority,Heuristic low-priority candidate: weak presentation + moderate affinity.
TTC7A,833,QNEAALDCFL,HLA-B0702,0.003574113422507775,99.28660326086957,28679.847947216967,0.3241695303550974,0.6059564719358533,0.4368843069873998,weak presentation + moderate affinity,Low Priority,Heuristic low-priority candidate: weak presentation + moderate affinity.
VCX3A,63,MAAVMAPEAE,HLA-B0702,0.0035518657603601633,99.28660326086957,28587.937774823047,0.3150057273768614,0.6151202749140894,0.4350515463917526,weak presentation + moderate affinity,Low Priority,Heuristic low-priority candidate: weak presentation + moderate affinity.
USP24,1686,SSLGFVGLRNG,HLA-B0702,0.005065966340213389,46.224673913043475,32572.100283843927,0.6300114547537228,0.13974799541809851,0.4339060710194731,moderate presentation + weak affinity,Low Priority,Heuristic low-priority candidate: moderate presentation + weak affinity.
PAPPA2,453,EEATVLVLTAS,HLA-B0702,0.004329395944675555,62.74467391304348,31458.62084335011,0.5280641466208477,0.2898052691867125,0.4327605956471936,moderate presentation + weak affinity,Low Priority,Heuristic low-priority candidate: moderate presentation + weak affinity.
C12orf42,163,AWKSSFLEQLV,HLA-B0702,0.004748084902460687,62.74467391304348,32242.97414473122,0.5945017182130584,0.18671248568155785,0.4313860252004582,moderate presentation + weak affinity,Low Priority,Heuristic low-priority candidate: moderate presentation + weak affinity.
RNF213,863,TKLLEFYELPA,HLA-B0702,0.00539311623905513,46.224673913043475,33020.8432703691,0.6620847651775487,0.08132875143184422,0.42978235967926687,moderate presentation + weak affinity,Low Priority,Heuristic low-priority candidate: moderate presentation + weak affinity.
HUNK,240,LLARKKHGPK,HLA-B0702,0.0035474402208876257,99.28660326086957,28732.625234734853,0.3138602520045819,0.6025200458190149,0.4293241695303551,weak presentation + moderate affinity,Low Priority,Heuristic low-priority candidate: weak presentation + moderate affinity.
LRP2,240,RCIYQNWDC,HLA-B0702,0.003529418299818188,99.28660326086957,28657.250595603437,0.30469644902634596,0.6093928980526919,0.42657502863688435,weak presentation + moderate affinity,Low Priority,Heuristic low-priority candidate: weak presentation + moderate affinity.
VCX3A,63,KMAAVMAPE,HLA-B0702,0.00374438914527454,99.28660326086957,30052.26085652875,0.3928980526918671,0.4765177548682703,0.4263459335624284,moderate presentation + moderate affinity,Low Priority,Heuristic low-priority candidate: moderate presentation + moderate affinity.
SASH1,516,ESLRSSLNGQ,HLA-B0702,0.004341424664384869,62.74467391304348,31719.37191661866,0.5315005727376861,0.26575028636884307,0.4252004581901489,moderate presentation + weak affinity,Low Priority,Heuristic low-priority candidate: moderate presentation + weak affinity.
USH2A,1769,DFLAMERKSGI,HLA-B0702,0.004512628381563745,62.74467391304348,32006.013750225466,0.5578465063001146,0.2222222222222222,0.4235967926689576,moderate presentation + weak affinity,Low Priority,Heuristic low-priority candidate: moderate presentation + weak affinity.
RNF213,863,AICSSTKLLE,HLA-B0702,0.0039785868184970645,99.28660326086957,30857.199562373204,0.4558991981672394,0.3734249713631157,0.42290950744558986,moderate presentation + moderate affinity,Low Priority,Heuristic low-priority candidate: moderate presentation + moderate affinity.
SASH1,516,SLRSSLNGQSS,HLA-B0702,0.0035561653686767614,99.28660326086957,28938.51164395747,0.3172966781214204,0.5807560137457045,0.4226804123711341,weak presentation + moderate affinity,Low Priority,Heuristic low-priority candidate: weak presentation + moderate affinity.
SPIRE2,218,EAKEMLKK,HLA-B0702,0.003633778315632226,99.28660326086957,29399.547939611795,0.3459335624284078,0.5372279495990836,0.4224513172966781,moderate presentation + moderate affinity,Low Priority,Heuristic low-priority candidate: moderate presentation + moderate affinity.
KEL,684,RSYAQVMCRNP,HLA-B0702,0.005521357041487568,46.224673913043475,33213.065011820094,0.6712485681557846,0.049255441008018326,0.42245131729667806,strong presentation + weak affinity,Low Priority,Heuristic low-priority candidate: strong presentation + weak affinity.
LRP2,240,YQNWDCDGEDD,HLA-B0702,0.003532708098376157,99.28660326086957,28793.037162524237,0.30813287514318444,0.5933562428407789,0.4222222222222223,weak presentation + moderate affinity,Low Priority,Heuristic low-priority candidate: weak presentation + moderate affinity.
PAPPA2,453,EATVLVLTASF,HLA-B0702,0.0036413773146497146,99.28660326086957,29568.376754273693,0.3528064146620848,0.5200458190148912,0.4197021764032074,moderate presentation + moderate affinity,Low Priority,Heuristic low-priority candidate: moderate presentation + moderate affinity.
RNF213,863,EFYELPALS,HLA-B0702,0.004269508183526392,62.74467391304348,31621.002643863896,0.5154639175257731,0.27605956471935855,0.4197021764032073,moderate presentation + weak affinity,Low Priority,Heuristic low-priority candidate: moderate presentation + weak affinity.
ADGRE3,357,EDPVLIVIT,HLA-B0702,0.003580125756152501,99.28660326086957,29208.731122326542,0.32646048109965636,0.5589919816723941,0.41947308132875144,weak presentation + moderate affinity,Low Priority,Heuristic low-priority candidate: weak presentation + moderate affinity.
PAPPA2,453,SSGEEEATVLV,HLA-B0702,0.0035307234167095062,99.28660326086957,28867.57708988308,0.30698739977090495,0.586483390607102,0.4187857961053838,weak presentation + moderate affinity,Low Priority,Heuristic low-priority candidate: weak presentation + moderate affinity.
UQCRC1,179,LREMQENDASV,HLA-B0702,0.003528106998796554,99.28660326086957,28813.76936108817,0.3035509736540664,0.5899198167239404,0.41809851088201605,weak presentation + moderate affinity,Low Priority,Heuristic low-priority candidate: weak presentation + moderate affinity.
SPACA3,174,NVKDTVIC,HLA-B0702,0.003732258290464302,99.28660326086957,30282.353472974926,0.39060710194730813,0.44902634593356244,0.4139747995418099,moderate presentation + moderate affinity,Low Priority,Heuristic low-priority candidate: moderate presentation + moderate affinity.
ZNF831,1480,GNFPHHDIAT,HLA-B0702,0.003997727384075144,99.28660326086957,31069.905425876368,0.46048109965635736,0.3413516609392898,0.41282932416953033,moderate presentation + moderate affinity,Low Priority,Heuristic low-priority candidate: moderate presentation + moderate affinity.
PTEN,130,GKGQTGVMIC,HLA-B0702,0.0036461094589820713,99.28660326086957,29796.308751111235,0.3550973654066438,0.49942726231386025,0.41282932416953033,moderate presentation + moderate affinity,Low Priority,Heuristic low-priority candidate: moderate presentation + moderate affinity.
TPR,1734,LVEHVPVFG,HLA-B0702,0.0036071495717716075,99.28660326086957,29480.507043739253,0.3333333333333333,0.5303550973654066,0.41214203894616264,moderate presentation + moderate affinity,Low Priority,Heuristic low-priority candidate: moderate presentation + moderate affinity.
SASH1,516,SLNGQSSM,HLA-B0702,0.0036405199145186314,99.28660326086957,29826.941194010487,0.3516609392898053,0.49713631156930127,0.40985108820160365,moderate presentation + moderate affinity,Low Priority,Heuristic low-priority candidate: moderate presentation + moderate affinity.
SPIRE2,218,LKKLREDEP,HLA-B0702,0.00368083723256051,99.28660326086957,30044.758812089418,0.3642611683848797,0.47766323024054985,0.40962199312714775,moderate presentation + moderate affinity,Low Priority,Heuristic low-priority candidate: moderate presentation + moderate affinity.
TTC7A,833,EAALDCFL,HLA-B0702,0.0035649794173903356,99.28660326086957,29352.231830071396,0.3207331042382589,0.5418098510882016,0.40916380297823596,weak presentation + moderate affinity,Low Priority,Heuristic low-priority candidate: weak presentation + moderate affinity.
ZRANB3,393,QFQKDPDTRVP,HLA-B0702,0.004361783898897359,62.74467391304348,32030.464699918826,0.5360824742268041,0.21764032073310424,0.40870561282932416,moderate presentation + weak affinity,Low Priority,Heuristic low-priority candidate: moderate presentation + weak affinity.
PTEN,130,IHCKAGKGQ,HLA-B0702,0.0035252043494283887,99.28660326086957,29140.67965451752,0.29896907216494845,0.5670103092783505,0.4061855670103093,weak presentation + moderate affinity,Low Priority,Heuristic low-priority candidate: weak presentation + moderate affinity.
SPIRE2,218,MLKKLREDE,HLA-B0702,0.003527529897788891,99.28660326086957,29173.277688146398,0.30126002290950743,0.5624284077892325,0.4057273768613975,weak presentation + moderate affinity,Low Priority,Heuristic low-priority candidate: weak presentation + moderate affinity.
FSCB,16,TDVIEKKKQ,HLA-B0702,0.0035111683462250996,99.28660326086957,29019.066356980366,0.2920962199312715,0.5750286368843069,0.4052691867124857,weak presentation + moderate affinity,Low Priority,Heuristic low-priority candidate: weak presentation + moderate affinity.
ZNF831,1480,SFGSKGNF,HLA-B0702,0.003510001543527691,99.28660326086957,28960.442099248274,0.28865979381443296,0.5784650630011455,0.404581901489118,weak presentation + moderate affinity,Low Priority,Heuristic low-priority candidate: weak presentation + moderate affinity.
ZNF831,1480,SKGNFPHH,HLA-B0702,0.005269939665660809,46.224673913043475,33332.72160739829,0.6483390607101948,0.037800687285223365,0.4041237113402062,moderate presentation + weak affinity,Low Priority,Heuristic low-priority candidate: moderate presentation + weak affinity.
HUNK,240,RKKHGPKID,HLA-B0702,0.0036580872864664265,99.28660326086957,30096.830263275806,0.35853379152348225,0.47193585337915234,0.4038946162657503,moderate presentation + moderate affinity,Low Priority,Heuristic low-priority candidate: moderate presentation + moderate affinity.
SPACA3,174,SDLLNPNVKD,HLA-B0702,0.0035276416195715336,99.28660326086957,29258.06285785833,0.3024054982817869,0.5555555555555556,0.4036655211912944,weak presentation + moderate affinity,Low Priority,Heuristic low-priority candidate: weak presentation + moderate affinity.
ANO2,334,KLLYQEWVR,HLA-B0702,0.004238877894358707,62.74467391304348,31832.359098187986,0.5085910652920962,0.24513172966781213,0.40320733104238254,moderate presentation + weak affinity,Low Priority,Heuristic low-priority candidate: moderate presentation + weak affinity.
UQCRC1,179,VRDVVFNYLH,HLA-B0702,0.004271748821390827,62.74467391304348,31928.13044311195,0.5166093928980527,0.2313860252004582,0.4025200458190149,moderate presentation + weak affinity,Low Priority,Heuristic low-priority candidate: moderate presentation + weak affinity.
SASH1,516,VESLRSSLNGQ,HLA-B0702,0.00367428361832772,99.28660326086957,30191.383464825874,0.3631156930126002,0.4616265750286369,0.4025200458190149,moderate presentation + moderate affinity,Low Priority,Heuristic low-priority candidate: moderate presentation + moderate affinity.
TTC7A,833,QGQNEAALDC,HLA-B0702,0.0034976786945435925,99.28660326086957,28891.796508022897,0.2829324169530355,0.581901489117984,0.4025200458190149,weak presentation + moderate affinity,Low Priority,Heuristic low-priority candidate: weak presentation + moderate affinity.
USP24,1686,DSRSSLGFVG,HLA-B0702,0.0036351882626737527,99.28660326086957,29989.991398167134,0.34822451317296677,0.4822451317296678,0.4018327605956472,moderate presentation + moderate affinity,Low Priority,Heuristic low-priority candidate: moderate presentation + moderate affinity.
SASH1,516,SLNGQSSMSG,HLA-B0702,0.0035108059025857298,99.28660326086957,29098.29990510001,0.290950744558992,0.56815578465063,0.4018327605956472,weak presentation + moderate affinity,Low Priority,Heuristic low-priority candidate: weak presentation + moderate affinity.
ANO2,334,WVRYGVFYK,HLA-B0702,0.0036966147378414715,99.28660326086957,30310.469637680715,0.3722794959908362,0.4444444444444444,0.4011454753722795,moderate presentation + moderate affinity,Low Priority,Heuristic low-priority candidate: moderate presentation + moderate affinity.
SPACA3,174,VKDTVICAMK,HLA-B0702,0.003620170728609428,99.28660326086957,29894.016482994815,0.3402061855670103,0.49140893470790376,0.4006872852233677,moderate presentation + moderate affinity,Low Priority,Heuristic low-priority candidate: moderate presentation + moderate affinity.
FSCB,16,DVIEKKKQ,HLA-B0702,0.0038685324888378743,99.28660326086957,30942.55793599872,0.422680412371134,0.3631156930126002,0.39885452462772053,moderate presentation + moderate affinity,Low Priority,Heuristic low-priority candidate: moderate presentation + moderate affinity.
SPIRE2,218,KKLREDEPHLE,HLA-B0702,0.004047331879924131,62.74467391304348,31479.189020249087,0.47193585337915234,0.28751431844215347,0.3981672394043528,moderate presentation + weak affinity,Low Priority,Heuristic low-priority candidate: moderate presentation + weak affinity.
PAPPA2,453,SGEEEATV,HLA-B0702,0.003493578749804395,99.28660326086957,28972.92839738207,0.27835051546391754,0.5761741122565864,0.3974799541809851,weak presentation + moderate affinity,Low Priority,Heuristic low-priority candidate: weak presentation + moderate affinity.
PTEN,130,GQTGVMIC,HLA-B0702,0.004268704140126131,62.74467391304348,32040.25451928877,0.5143184421534936,0.21534936998854526,0.3947308132875143,moderate presentation + weak affinity,Low Priority,Heuristic low-priority candidate: moderate presentation + weak affinity.
RNF213,863,ICSSTKLLE,HLA-B0702,0.0035004942313422377,99.28660326086957,29264.435541907897,0.2852233676975945,0.5544100801832761,0.3928980526918671,weak presentation + moderate affinity,Low Priority,Heuristic low-priority candidate: weak presentation + moderate affinity.
ANO2,334,EWVRYGVFYKF,HLA-B0702,0.005152009173814131,46.224673913043475,33600.4891707278,0.6403207331042382,0.01718213058419244,0.3910652920962199,moderate presentation + weak affinity,Low Priority,Heuristic low-priority candidate: moderate presentation + weak affinity.
ACLY,547,WGHKKILIPVF,HLA-B0702,0.003950591839837148,99.28660326086957,31415.41552554114,0.45017182130584193,0.30011454753722794,0.39014891179839634,moderate presentation + weak affinity,Low Priority,Heuristic low-priority candidate: moderate presentation + weak affinity.
ACLY,547,KQKFYWGHKKI,HLA-B0702,0.004293540822263451,62.74467391304348,32234.124224760737,0.5223367697594502,0.18785796105383734,0.38854524627720505,moderate presentation + weak affinity,Low Priority,Heuristic low-priority candidate: moderate presentation + weak affinity.
TPR,1734,QEAMQSEGLV,HLA-B0702,0.0034972322013994864,99.28660326086957,29321.255712086077,0.2806414662084765,0.5486827033218786,0.38785796105383735,weak presentation + moderate affinity,Low Priority,Heuristic low-priority candidate: weak presentation + moderate affinity.
TPR,1734,GLVEHVPVFGS,HLA-B0702,0.004604571581843117,62.74467391304348,32760.08215889403,0.5693012600229095,0.11225658648339061,0.3864833906071019,moderate presentation + weak affinity,Low Priority,Heuristic low-priority candidate: moderate presentation + weak affinity.
SASH1,516,SLNGQSSMSGQ,HLA-B0702,0.003501679936129352,99.28660326086957,29424.331323538718,0.286368843069874,0.5349369988545246,0.3857961053837342,weak presentation + moderate affinity,Low Priority,Heuristic low-priority candidate: weak presentation + moderate affinity.
VCX3A,63,AAVMAPEAESG,HLA-B0702,0.003486426924195185,99.28660326086957,29289.697552392172,0.27262313860252,0.5532646048109966,0.3848797250859106,weak presentation + moderate affinity,Low Priority,Heuristic low-priority candidate: weak presentation + moderate affinity.
SPACA3,174,LNPNVKDTVIC,HLA-B0702,0.0034735292296293936,99.28660326086957,29184.05416639075,0.26575028636884307,0.561282932416953,0.383963344788087,weak presentation + moderate affinity,Low Priority,Heuristic low-priority candidate: weak presentation + moderate affinity.
ANO2,334,EWVRYGVF,HLA-B0702,0.0040386788772188795,62.74467391304348,31757.875126842566,0.46849942726231386,0.2565864833906071,0.3837342497136311,moderate presentation + weak affinity,Low Priority,Heuristic low-priority candidate: moderate presentation + weak affinity.
RNF213,863,CSSTKLLEFY,HLA-B0702,0.0040750289706737155,62.74467391304348,31923.473800799755,0.47880870561282934,0.23367697594501718,0.38075601374570445,moderate presentation + weak affinity,Low Priority,Heuristic low-priority candidate: moderate presentation + weak affinity.
RNF213,863,STKLLEFYELP,HLA-B0702,0.004999210237910134,62.74467391304348,33619.34427683447,0.6242840778923253,0.013745704467353952,0.38006872852233675,moderate presentation + weak affinity,Low Priority,Heuristic low-priority candidate: moderate presentation + weak affinity.
LRP2,240,DCDGEDDC,HLA-B0702,0.003463799683873718,99.28660326086957,29166.65810653506,0.2565864833906071,0.5647193585337915,0.37983963344788085,weak presentation + moderate affinity,Low Priority,Heuristic low-priority candidate: weak presentation + moderate affinity.
USP24,1686,LGFVGLRNGG,HLA-B0702,0.0035042033565712938,99.28660326086957,29601.59091721983,0.28751431844215347,0.5154639175257731,0.37869415807560136,weak presentation + moderate affinity,Low Priority,Heuristic low-priority candidate: weak presentation + moderate affinity.
USH2A,1769,AMERKSGI,HLA-B0702,0.003472434820787786,99.28660326086957,29325.465987695694,0.2634593356242841,0.5463917525773195,0.3766323024054983,weak presentation + moderate affinity,Low Priority,Heuristic low-priority candidate: weak presentation + moderate affinity.
HUNK,240,HGPKIDVWSIG,HLA-B0702,0.003472512150409563,99.28660326086957,29408.796558254755,0.2646048109965636,0.5360824742268041,0.3731958762886598,weak presentation + moderate affinity,Low Priority,Heuristic low-priority candidate: weak presentation + moderate affinity.
ZNF831,1480,FGSKGNFPHH,HLA-B0702,0.0035612561178126967,99.28660326086957,30316.739901119476,0.31844215349369986,0.44215349369988544,0.36792668957617414,weak presentation + moderate affinity,Low Priority,Heuristic low-priority candidate: weak presentation + moderate affinity.
KEL,684,AQVMCRNP,HLA-B0702,0.004425714340919427,62.74467391304348,32868.08707037442,0.5475372279495991,0.09163802978235967,0.3651775486827033,moderate presentation + weak affinity,Low Priority,Heuristic low-priority candidate: moderate presentation + weak affinity.
USP24,1686,LGFVGLRNG,HLA-B0702,0.0036824712032998354,99.28660326086957,30956.580093707573,0.36769759450171824,0.35967926689576174,0.36449026345933566,moderate presentation + moderate affinity,Low Priority,Heuristic low-priority candidate: moderate presentation + moderate affinity.
SPIRE2,218,KEMLKKLRE,HLA-B0702,0.0034645287768123975,99.28660326086957,29548.384039896908,0.25773195876288657,0.5223367697594502,0.36357388316151207,weak presentation + moderate affinity,Low Priority,Heuristic low-priority candidate: weak presentation + moderate affinity.
ZNF831,1480,GSKGNFPH,HLA-B0702,0.004346035578169923,62.74467391304348,32791.81080528959,0.5337915234822451,0.10767468499427263,0.3633447880870561,moderate presentation + weak affinity,Low Priority,Heuristic low-priority candidate: moderate presentation + weak affinity.
RNF213,863,LEFYELPA,HLA-B0702,0.0039331517769637,99.28660326086957,31873.961799639314,0.44215349369988544,0.24054982817869416,0.3615120274914089,moderate presentation + weak affinity,Low Priority,Heuristic low-priority candidate: moderate presentation + weak affinity.
C12orf42,163,QAWKSSFLE,HLA-B0702,0.0037778299727811784,99.28660326086957,31392.792906103732,0.3997709049255441,0.30126002290950743,0.36036655211912944,moderate presentation + weak affinity,Low Priority,Heuristic low-priority candidate: moderate presentation + weak affinity.
CNTRL,1709,DMLQLESH,HLA-B0702,0.004704040569635591,62.74467391304348,33604.77657174994,0.588774341351661,0.014891179839633447,0.35922107674684994,moderate presentation + weak affinity,Low Priority,Heuristic low-priority candidate: moderate presentation + weak affinity.
PAPPA2,453,EEEATVLVLT,HLA-B0702,0.0035433251996305625,99.28660326086957,30406.67067759323,0.3104238258877434,0.4306987399770905,0.3585337915234823,weak presentation + moderate affinity,Low Priority,Heuristic low-priority candidate: weak presentation + moderate affinity.
C12orf42,163,WKSSFLEQ,HLA-B0702,0.004700039350101394,62.74467391304348,33590.256202681245,0.5853379152348225,0.018327605956471937,0.35853379152348225,moderate presentation + weak affinity,Low Priority,Heuristic low-priority candidate: moderate presentation + weak affinity.
UQCRC1,179,QENDASVR,HLA-B0702,0.0035303697470230066,99.28660326086957,30401.64810959269,0.30584192439862545,0.4329896907216495,0.3567010309278351,weak presentation + moderate affinity,Low Priority,Heuristic low-priority candidate: weak presentation + moderate affinity.
USH2A,1769,AMERKSGILT,HLA-B0702,0.003451570992205885,99.28660326086957,29661.290909994306,0.2520045819014891,0.5131729667812142,0.3564719358533791,weak presentation + moderate affinity,Low Priority,Heuristic low-priority candidate: weak presentation + moderate affinity.
HUNK,240,ARKKHGPK,HLA-B0702,0.003448266141381852,99.28660326086957,29586.09231260817,0.24742268041237114,0.5166093928980527,0.35509736540664383,weak presentation + moderate affinity,Low Priority,Heuristic low-priority candidate: weak presentation + moderate affinity.
KEL,684,CRNPSPQDSHD,HLA-B0702,0.003434650530188109,99.28660326086957,29538.06676849201,0.23940435280641467,0.5246277205040092,0.3534936998854525,weak presentation + moderate affinity,Low Priority,Heuristic low-priority candidate: weak presentation + moderate affinity.
LRP2,240,QNWDCDGEDD,HLA-B0702,0.0034298005176331124,99.28660326086957,29483.070837697316,0.23711340206185566,0.5280641466208477,0.3534936998854525,weak presentation + moderate affinity,Low Priority,Heuristic low-priority candidate: weak presentation + moderate affinity.
TTC7A,833,EAALDCFLT,HLA-B0702,0.0034510246984042893,99.28660326086957,29706.960857319482,0.24971363115693013,0.5085910652920962,0.35326460481099653,weak presentation + moderate affinity,Low Priority,Heuristic low-priority candidate: weak presentation + moderate affinity.
SPIRE2,218,VREAKEMLKK,HLA-B0702,0.003466099172631672,99.28660326086957,29862.9529637163,0.2588774341351661,0.4936998854524628,0.3528064146620848,weak presentation + moderate affinity,Low Priority,Heuristic low-priority candidate: weak presentation + moderate affinity.
VCX3A,63,MAPEAESG,HLA-B0702,0.0034925681700551073,99.28660326086957,30179.398101876195,0.27720504009163804,0.4650630011454754,0.35234822451317294,weak presentation + moderate affinity,Low Priority,Heuristic low-priority candidate: weak presentation + moderate affinity.
ACLY,547,KILIPVFKNMA,HLA-B0702,0.00448854097178549,62.74467391304348,33231.84992008089,0.5555555555555556,0.045819014891179836,0.35166093928980524,moderate presentation + weak affinity,Low Priority,Heuristic low-priority candidate: moderate presentation + weak affinity.
C12orf42,163,KQAWKSSFLE,HLA-B0702,0.003939279298797142,99.28660326086957,32043.576793356162,0.44329896907216493,0.21420389461626574,0.35166093928980524,moderate presentation + weak affinity,Low Priority,Heuristic low-priority candidate: moderate presentation + weak affinity.
RNF213,863,SSTKLLEFYEL,HLA-B0702,0.0037874888260312598,99.28660326086957,31716.838017241393,0.4043528064146621,0.26804123711340205,0.34982817869415805,moderate presentation + weak affinity,Low Priority,Heuristic low-priority candidate: moderate presentation + weak affinity.
PTEN,130,GKGQTGVM,HLA-B0702,0.0036836162856251453,99.28660326086957,31238.857225321644,0.36884306987399773,0.3207331042382589,0.3495990836197022,moderate presentation + weak affinity,Low Priority,Heuristic low-priority candidate: moderate presentation + weak affinity.
TTC7A,833,QAQGQNEAALD,HLA-B0702,0.003426972876809027,99.28660326086957,29540.742135025717,0.23367697594501718,0.5234822451317297,0.3495990836197022,weak presentation + moderate affinity,Low Priority,Heuristic low-priority candidate: weak presentation + moderate affinity.
USH2A,1769,RKSGILTFRLN,HLA-B0702,0.004216068758133794,62.74467391304348,32738.499838951666,0.5028636884306987,0.11798396334478808,0.34891179839633446,moderate presentation + weak affinity,Low Priority,Heuristic low-priority candidate: moderate presentation + weak affinity.
TPR,1734,QSEGLVEHVPV,HLA-B0702,0.0034874672809857244,99.28660326086957,30233.51200440014,0.27491408934707906,0.4581901489117984,0.34822451317296677,weak presentation + moderate affinity,Low Priority,Heuristic low-priority candidate: weak presentation + moderate affinity.
SASH1,516,SLNGQSSMS,HLA-B0702,0.003443947248604694,99.28660326086957,29751.099705881235,0.24398625429553264,0.5028636884306987,0.34753722794959907,weak presentation + moderate affinity,Low Priority,Heuristic low-priority candidate: weak presentation + moderate affinity.
ZNF831,1480,QRPSSFGSKGN,HLA-B0702,0.003442161088864297,99.28660326086957,29765.90908846611,0.24169530355097366,0.5017182130584192,0.3457044673539519,weak presentation + moderate affinity,Low Priority,Heuristic low-priority candidate: weak presentation + moderate affinity.
SASH1,516,RSSLNGQSSMS,HLA-B0702,0.003449265604876928,99.28660326086957,29898.645348904716,0.24856815578465064,0.49026345933562426,0.3452462772050401,weak presentation + moderate affinity,Low Priority,Heuristic low-priority candidate: weak presentation + moderate affinity.
SPACA3,174,DLLNPNVKD,HLA-B0702,0.003496949556792409,99.28660326086957,30317.657859803712,0.27949599083619703,0.44100801832760594,0.3441008018327606,weak presentation + moderate affinity,Low Priority,Heuristic low-priority candidate: weak presentation + moderate affinity.
USH2A,1769,LAMERKSGILT,HLA-B0702,0.0034574410213430197,99.28660326086957,30024.70139953012,0.2542955326460481,0.47880870561282934,0.3441008018327606,weak presentation + moderate affinity,Low Priority,Heuristic low-priority candidate: weak presentation + moderate affinity.
SPACA3,174,VKDTVICAMKI,HLA-B0702,0.0034862234263017774,99.28660326086957,30298.25051817005,0.27147766323024053,0.44558991981672397,0.3411225658648339,weak presentation + moderate affinity,Low Priority,Heuristic low-priority candidate: weak presentation + moderate affinity.
ANO2,334,VRYGVFYKFQ,HLA-B0702,0.00432487686575894,62.74467391304348,33136.61944408046,0.5269186712485682,0.06071019473081329,0.3404352806414662,moderate presentation + weak affinity,Low Priority,Heuristic low-priority candidate: moderate presentation + weak affinity.
USH2A,1769,DGPDFLAMERK,HLA-B0702,0.0035101788081530914,99.28660326086957,30556.810301804508,0.2898052691867125,0.413516609392898,0.33928980526918673,weak presentation + moderate affinity,Low Priority,Heuristic low-priority candidate: weak presentation + moderate affinity.
PTEN,130,AGKGQTGV,HLA-B0702,0.0034239566514393774,99.28660326086957,29807.648294557297,0.2325315005727377,0.49828178694158076,0.33883161512027493,weak presentation + moderate affinity,Low Priority,Heuristic low-priority candidate: weak presentation + moderate affinity.
TPR,1734,GLVEHVPVFG,HLA-B0702,0.003886018674935293,99.28660326086957,32160.407200884696,0.427262313860252,0.1970217640320733,0.3351660939289805,moderate presentation + weak affinity,Low Priority,Heuristic low-priority candidate: moderate presentation + weak affinity.
HUNK,240,PELLARKKH,HLA-B0702,0.00345799132350064,99.28660326086957,30274.635353708723,0.2554410080183276,0.4513172966781214,0.33379152348224517,weak presentation + moderate affinity,Low Priority,Heuristic low-priority candidate: weak presentation + moderate affinity.
ADGRE3,357,DPVLIVITYVG,HLA-B0702,0.0035522426285422557,99.28660326086957,30972.00476573186,0.3161512027491409,0.35624284077892326,0.3321878579610539,weak presentation + moderate affinity,Low Priority,Heuristic low-priority candidate: weak presentation + moderate affinity.
SASH1,516,ESLRSSLNG,HLA-B0702,0.003584270600558521,99.28660326086957,31178.17600999276,0.32760595647193586,0.33104238258877433,0.32898052691867125,weak presentation + moderate affinity,Low Priority,Heuristic low-priority candidate: weak presentation + moderate affinity.
FSCB,16,EKKKQMAIPK,HLA-B0702,0.0035219685574682524,99.28660326086957,30856.235915708323,0.29782359679266895,0.3745704467353952,0.32852233676975945,weak presentation + moderate affinity,Low Priority,Heuristic low-priority candidate: weak presentation + moderate affinity.
KEL,684,MCRNPSPQ,HLA-B0702,0.003395407700004818,99.28660326086957,29925.690083281024,0.22107674684994272,0.4879725085910653,0.32783505154639175,weak presentation + moderate affinity,Low Priority,Heuristic low-priority candidate: weak presentation + moderate affinity.
UQCRC1,179,QENDASVRD,HLA-B0702,0.003414690359674207,99.28660326086957,30069.772912469674,0.2290950744558992,0.4742268041237113,0.327147766323024,weak presentation + moderate affinity,Low Priority,Heuristic low-priority candidate: weak presentation + moderate affinity.
FSCB,16,VIEKKKQMAIP,HLA-B0702,0.00403717508574194,62.74467391304348,32766.54179921275,0.46735395189003437,0.1111111111111111,0.3248568155784651,moderate presentation + weak affinity,Low Priority,Heuristic low-priority candidate: moderate presentation + weak affinity.
PTEN,130,IHCKAGKGQT,HLA-B0702,0.0034078951331539572,99.28660326086957,30076.70644767887,0.2256586483390607,0.47308132875143183,0.3246277205040091,weak presentation + moderate affinity,Low Priority,Heuristic low-priority candidate: weak presentation + moderate affinity.
TTC7A,833,NEAALDCFLT,HLA-B0702,0.0035001366067589582,99.28660326086957,30788.944110612872,0.284077892325315,0.3837342497136312,0.3239404352806414,weak presentation + moderate affinity,Low Priority,Heuristic low-priority candidate: weak presentation + moderate affinity.
ZRANB3,393,KDPDTRVPILS,HLA-B0702,0.0034156374656446327,99.28660326086957,30223.880983992163,0.23024054982817868,0.46048109965635736,0.32233676975945014,weak presentation + moderate affinity,Low Priority,Heuristic low-priority candidate: weak presentation + moderate affinity.
TTC7A,833,ALDCFLTALE,HLA-B0702,0.003481001012173236,99.28660326086957,30623.393068679678,0.26804123711340205,0.4032073310423826,0.32210767468499424,weak presentation + moderate affinity,Low Priority,Heuristic low-priority candidate: weak presentation + moderate affinity.
SPIRE2,218,EMLKKLRED,HLA-B0702,0.0035383271704280852,99.28660326086957,31132.066133280376,0.30927835051546393,0.3344788087056128,0.31935853379152346,weak presentation + moderate affinity,Low Priority,Heuristic low-priority candidate: weak presentation + moderate affinity.
TTC7A,833,QGQNEAALD,HLA-B0702,0.003373752558378864,99.28660326086957,29989.38821251546,0.20504009163802978,0.4833906071019473,0.3163802978235968,weak presentation + moderate affinity,Low Priority,Heuristic low-priority candidate: weak presentation + moderate affinity.
PTEN,130,AAIHCKAGKGQ,HLA-B0702,0.0033761844541277774,99.28660326086957,30065.491646813818,0.20847651775486828,0.4753722794959908,0.3152348224513173,weak presentation + moderate affinity,Low Priority,Heuristic low-priority candidate: weak presentation + moderate affinity.
HUNK,240,ELLARKKHGPK,HLA-B0702,0.003483164740551641,99.28660326086957,30793.915975135344,0.26918671248568155,0.38144329896907214,0.3140893470790378,weak presentation + moderate affinity,Low Priority,Heuristic low-priority candidate: weak presentation + moderate affinity.
LRP2,240,IYQNWDCDGE,HLA-B0702,0.0035212846981888617,99.28660326086957,31084.68003215624,0.29667812142038946,0.33676975945017185,0.3127147766323024,weak presentation + moderate affinity,Low Priority,Heuristic low-priority candidate: weak presentation + moderate affinity.
PAPPA2,453,EATVLVLT,HLA-B0702,0.004010521730220385,62.74467391304348,32948.07213933639,0.4627720504009164,0.0836197021764032,0.3111111111111111,moderate presentation + weak affinity,Low Priority,Heuristic low-priority candidate: moderate presentation + weak affinity.
ZNF831,1480,KGNFPHHDIAT,HLA-B0702,0.0034295941927056945,99.28660326086957,30491.910519592715,0.23596792668957617,0.4238258877434135,0.3111111111111111,weak presentation + moderate affinity,Low Priority,Heuristic low-priority candidate: weak presentation + moderate affinity.
LRP2,240,IYQNWDCDGED,HLA-B0702,0.0034530908435152167,99.28660326086957,30694.83977401965,0.2531500572737686,0.3974799541809851,0.3108820160366552,weak presentation + moderate affinity,Low Priority,Heuristic low-priority candidate: weak presentation + moderate affinity.
TPR,1734,LVEHVPVFGS,HLA-B0702,0.003611292643853931,99.28660326086957,31710.18385172325,0.33791523482245134,0.26918671248568155,0.3104238258877434,moderate presentation + weak affinity,Low Priority,Heuristic low-priority candidate: moderate presentation + weak affinity.
PAPPA2,453,EATVLVLTAS,HLA-B0702,0.003593401958449721,99.28660326086957,31601.833356003444,0.33104238258877433,0.27720504009163804,0.3095074455899198,moderate presentation + weak affinity,Low Priority,Heuristic low-priority candidate: moderate presentation + weak affinity.
ANO2,334,EWVRYGVFYK,HLA-B0702,0.00412787153488857,62.74467391304348,33235.92537357832,0.4868270332187858,0.043528064146620846,0.30950744558991977,moderate presentation + weak affinity,Low Priority,Heuristic low-priority candidate: moderate presentation + weak affinity.
KEL,684,QVMCRNPSPQD,HLA-B0702,0.0033692154796060043,99.28660326086957,30231.48051695814,0.20389461626575028,0.45933562428407787,0.30607101947308135,weak presentation + moderate affinity,Low Priority,Heuristic low-priority candidate: weak presentation + moderate affinity.
ACLY,547,KKILIPVFKN,HLA-B0702,0.00403704230237041,62.74467391304348,33133.86014410151,0.4662084765177549,0.06300114547537228,0.30492554410080186,moderate presentation + weak affinity,Low Priority,Heuristic low-priority candidate: moderate presentation + weak affinity.
HUNK,240,ARKKHGPKID,HLA-B0702,0.0033606016222494503,99.28660326086957,30179.576066902537,0.1981672394043528,0.4639175257731959,0.30446735395189006,weak presentation + moderate affinity,Low Priority,Heuristic low-priority candidate: weak presentation + moderate affinity.
ZNF831,1480,PSSFGSKGNFP,HLA-B0702,0.003411710355751361,99.28660326086957,30539.667866436754,0.2279495990836197,0.41580756013745707,0.3030927835051547,weak presentation + moderate affinity,Low Priority,Heuristic low-priority candidate: weak presentation + moderate affinity.
TPR,1734,SQEAMQSEGLV,HLA-B0702,0.003382692471862089,99.28660326086957,30361.898209688883,0.21191294387170675,0.43757159221076747,0.3021764032073311,weak presentation + moderate affinity,Low Priority,Heuristic low-priority candidate: weak presentation + moderate affinity.
C12orf42,163,ARGAPKQAWKS,HLA-B0702,0.003363038703506783,99.28660326086957,30269.06812088672,0.2004581901489118,0.4524627720504009,0.3012600229095075,weak presentation + moderate affinity,Low Priority,Heuristic low-priority candidate: weak presentation + moderate affinity.
SPACA3,174,SDLLNPNVKDT,HLA-B0702,0.0033903432034242055,99.28660326086957,30495.456851251467,0.21993127147766323,0.422680412371134,0.3010309278350516,weak presentation + moderate affinity,Low Priority,Heuristic low-priority candidate: weak presentation + moderate affinity.
ANO2,334,WVRYGVFY,HLA-B0702,0.003929410434827223,99.28660326086957,32888.8910822905,0.44100801832760594,0.08934707903780069,0.30034364261168384,moderate presentation + weak affinity,Low Priority,Heuristic low-priority candidate: moderate presentation + weak affinity.
UQCRC1,179,MQENDASV,HLA-B0702,0.0033800873375797054,99.28660326086957,30403.7009582707,0.21076746849942726,0.43184421534937,0.2991981672394044,weak presentation + moderate affinity,Low Priority,Heuristic low-priority candidate: weak presentation + moderate affinity.
VCX3A,63,KMAAVMAPEAE,HLA-B0702,0.00342305157554596,99.28660326086957,30681.533111915403,0.2313860252004582,0.39862542955326463,0.2982817869415808,weak presentation + moderate affinity,Low Priority,Heuristic low-priority candidate: weak presentation + moderate affinity.
USH2A,1769,FLAMERKSG,HLA-B0702,0.003359967122322738,99.28660326086957,30293.330598192628,0.1970217640320733,0.44673539518900346,0.2969072164948454,weak presentation + moderate affinity,Low Priority,Heuristic low-priority candidate: weak presentation + moderate affinity.
LRP2,240,IYQNWDCDG,HLA-B0702,0.0034864939394738167,99.28660326086957,31186.478954820603,0.27376861397479957,0.32646048109965636,0.2948453608247423,weak presentation + weak affinity,Low Priority,Heuristic low-priority candidate: weak presentation + weak affinity.
KEL,684,SYAQVMCRN,HLA-B0702,0.003890010244873889,99.28660326086957,32940.995020962175,0.4306987399770905,0.08476517754868271,0.2923253150057274,moderate presentation + weak affinity,Low Priority,Heuristic low-priority candidate: moderate presentation + weak affinity.
ACLY,547,YWGHKKILIP,HLA-B0702,0.003752604873989867,99.28660326086957,32607.570429574134,0.3951890034364261,0.13516609392898052,0.29117983963344785,moderate presentation + weak affinity,Low Priority,Heuristic low-priority candidate: moderate presentation + weak affinity.
ANO2,334,YQEWVRYG,HLA-B0702,0.003819774869120349,99.28660326086957,32769.86567901098,0.41122565864833904,0.10996563573883161,0.29072164948453605,moderate presentation + weak affinity,Low Priority,Heuristic low-priority candidate: moderate presentation + weak affinity.
SASH1,516,SSLNGQSSMSG,HLA-B0702,0.003358987716939471,99.28660326086957,30440.66195965178,0.1958762886597938,0.427262313860252,0.28843069873997706,weak presentation + moderate affinity,Low Priority,Heuristic low-priority candidate: weak presentation + moderate affinity.
FSCB,16,QQTDVIEKKKQ,HLA-B0702,0.0035258543282114165,99.28660326086957,31684.670884765666,0.30011454753722794,0.27033218785796104,0.28820160366552117,weak presentation + weak affinity,Low Priority,Heuristic low-priority candidate: weak presentation + weak affinity.
UQCRC1,179,DASVRDVVFN,HLA-B0702,0.0036229440405992786,99.28660326086957,32118.264916344815,0.3413516609392898,0.20504009163802978,0.2868270332187858,moderate presentation + weak affinity,Low Priority,Heuristic low-priority candidate: moderate presentation + weak affinity.
VCX3A,63,AAVMAPEAES,HLA-B0702,0.0033460875518789546,99.28660326086957,30383.579048164385,0.18785796105383734,0.4352806414662085,0.2868270332187858,weak presentation + moderate affinity,Low Priority,Heuristic low-priority candidate: weak presentation + moderate affinity.
USP24,1686,SSLGFVGLRN,HLA-B0702,0.0036810118605339844,99.28660326086957,32394.72174388287,0.3654066437571592,0.16838487972508592,0.2865979381443299,moderate presentation + weak affinity,Low Priority,Heuristic low-priority candidate: moderate presentation + weak affinity.
ZNF831,1480,SFGSKGNFPHH,HLA-B0702,0.003470751484610384,99.28660326086957,31208.131352479897,0.2611683848797251,0.3230240549828179,0.2859106529209622,weak presentation + weak affinity,Low Priority,Heuristic low-priority candidate: weak presentation + weak affinity.
ZRANB3,393,RVPILSIQAAG,HLA-B0702,0.0034463004740970518,99.28660326086957,31083.477749105663,0.24513172966781213,0.33906071019473083,0.2827033218785796,weak presentation + moderate affinity,Low Priority,Heuristic low-priority candidate: weak presentation + moderate affinity.
USH2A,1769,DFLAMERK,HLA-B0702,0.003922967765718773,99.28660326086957,33224.690688263814,0.43757159221076747,0.048109965635738834,0.281786941580756,moderate presentation + weak affinity,Low Priority,Heuristic low-priority candidate: moderate presentation + weak affinity.
SASH1,516,VESLRSSLNG,HLA-B0702,0.003388812088144403,99.28660326086957,30837.356976318035,0.21764032073310424,0.37800687285223367,0.281786941580756,weak presentation + moderate affinity,Low Priority,Heuristic low-priority candidate: weak presentation + moderate affinity.
LRP2,240,YQNWDCDGE,HLA-B0702,0.003348273472908864,99.28660326086957,30499.020314088084,0.19014891179839633,0.41924398625429554,0.281786941580756,weak presentation + moderate affinity,Low Priority,Heuristic low-priority candidate: weak presentation + moderate affinity.
SASH1,516,VESLRSSLN,HLA-B0702,0.003350909636681243,99.28660326086957,30560.947563329617,0.19129438717067582,0.41237113402061853,0.2797250859106529,weak presentation + moderate affinity,Low Priority,Heuristic low-priority candidate: weak presentation + moderate affinity.
USP24,1686,RSSLGFVGLRN,HLA-B0702,0.0035123436115892326,99.28660326086957,31753.735814471464,0.293241695303551,0.2588774341351661,0.27949599083619703,weak presentation + weak affinity,Low Priority,Heuristic low-priority candidate: weak presentation + weak affinity.
LRP2,240,GRCIYQNWDC,HLA-B0702,0.0033668791922858154,99.28660326086957,30742.016213138337,0.2027491408934708,0.39060710194730813,0.27789232531500574,weak presentation + moderate affinity,Low Priority,Heuristic low-priority candidate: weak presentation + moderate affinity.
SASH1,516,NGQSSMSGQ,HLA-B0702,0.003331008275563328,99.28660326086957,30382.720569915862,0.1718213058419244,0.436426116838488,0.27766323024054984,weak presentation + moderate affinity,Low Priority,Heuristic low-priority candidate: weak presentation + moderate affinity.
TTC7A,833,AQGQNEAALD,HLA-B0702,0.003334927581686207,99.28660326086957,30469.343649728133,0.1775486827033219,0.424971363115693,0.27651775486827035,weak presentation + moderate affinity,Low Priority,Heuristic low-priority candidate: weak presentation + moderate affinity.
USH2A,1769,DFLAMERKS,HLA-B0702,0.0038971991753249525,99.28660326086957,33313.44422004301,0.43184421534937,0.04009163802978236,0.27514318442153496,moderate presentation + weak affinity,Low Priority,Heuristic low-priority candidate: moderate presentation + weak affinity.
ACLY,547,GHKKILIP,HLA-B0702,0.003497291030042112,99.28660326086957,31722.140388327858,0.281786941580756,0.2634593356242841,0.27445589919816726,weak presentation + weak affinity,Low Priority,Heuristic low-priority candidate: weak presentation + weak affinity.
KEL,684,SYAQVMCRNPS,HLA-B0702,0.0036132431032615403,99.28660326086957,32295.698521379047,0.33906071019473083,0.1764032073310424,0.27399770904925547,moderate presentation + weak affinity,Low Priority,Heuristic low-priority candidate: moderate presentation + weak affinity.
PTEN,130,AIHCKAGKGQ,HLA-B0702,0.00333395700123191,99.28660326086957,30498.27179131706,0.17525773195876287,0.42038946162657503,0.27331042382588777,weak presentation + moderate affinity,Low Priority,Heuristic low-priority candidate: weak presentation + moderate affinity.
CNTRL,1709,QLESHELQG,HLA-B0702,0.003339700135152885,99.28660326086957,30570.92233023231,0.18213058419243985,0.40893470790378006,0.2728522336769759,weak presentation + moderate affinity,Low Priority,Heuristic low-priority candidate: weak presentation + moderate affinity.
SPIRE2,218,MLKKLREDEP,HLA-B0702,0.0034512352544097537,99.28660326086957,31386.440638772525,0.2508591065292096,0.3035509736540664,0.2719358533791523,weak presentation + weak affinity,Low Priority,Heuristic low-priority candidate: weak presentation + weak affinity.
SASH1,516,LNGQSSMSG,HLA-B0702,0.003325115708742864,99.28660326086957,30439.324964019557,0.16494845360824742,0.4284077892325315,0.27033218785796104,weak presentation + moderate affinity,Low Priority,Heuristic low-priority candidate: weak presentation + moderate affinity.
UQCRC1,179,NDASVRDVVFN,HLA-B0702,0.0033459070747069446,99.28660326086957,30739.97149725988,0.18671248568155785,0.3917525773195876,0.26872852233676975,weak presentation + moderate affinity,Low Priority,Heuristic low-priority candidate: weak presentation + moderate affinity.
SASH1,516,LRSSLNGQS,HLA-B0702,0.003324978533759339,99.28660326086957,30448.59005197649,0.16380297823596793,0.4261168384879725,0.26872852233676975,weak presentation + moderate affinity,Low Priority,Heuristic low-priority candidate: weak presentation + moderate affinity.
SPACA3,174,LLNPNVKD,HLA-B0702,0.0035692076647286693,99.28660326086957,32276.448710248962,0.3230240549828179,0.17869415807560138,0.2652920962199313,weak presentation + weak affinity,Low Priority,Heuristic low-priority candidate: weak presentation + weak affinity.
ADGRE3,357,PVLIVITYVGL,HLA-B0702,0.003375747584593618,99.28660326086957,30975.37683141276,0.20618556701030927,0.3539518900343643,0.2652920962199313,weak presentation + moderate affinity,Low Priority,Heuristic low-priority candidate: weak presentation + moderate affinity.
TPR,1734,QSEGLVEH,HLA-B0702,0.0037017239406991645,99.28660326086957,32819.94261247039,0.3768613974799542,0.09621993127147767,0.2646048109965635,moderate presentation + weak affinity,Low Priority,Heuristic low-priority candidate: moderate presentation + weak affinity.
KEL,684,VMCRNPSPQD,HLA-B0702,0.0033187301839902763,99.28660326086957,30541.193183029634,0.16151202749140894,0.4146620847651776,0.2627720504009164,weak presentation + moderate affinity,Low Priority,Heuristic low-priority candidate: weak presentation + moderate affinity.
LRP2,240,SGRCIYQNWDC,HLA-B0702,0.003323255567360858,99.28660326086957,30576.21183072339,0.16265750286368844,0.40778923253150057,0.2607101947308133,weak presentation + moderate affinity,Low Priority,Heuristic low-priority candidate: weak presentation + moderate affinity.
USP24,1686,SLGFVGLR,HLA-B0702,0.0037122460934451425,99.28660326086957,33027.29136062313,0.38029782359679265,0.08018327605956473,0.26025200458190145,moderate presentation + weak affinity,Low Priority,Heuristic low-priority candidate: moderate presentation + weak affinity.
USP24,1686,RSSLGFVG,HLA-B0702,0.0035923826782513603,99.28660326086957,32497.61675246484,0.32989690721649484,0.15349369988545247,0.25933562428407786,weak presentation + weak affinity,Low Priority,Heuristic low-priority candidate: weak presentation + weak affinity.
ZNF831,1480,PSSFGSKGN,HLA-B0702,0.0033117420025023194,99.28660326086957,30561.34568835693,0.15807560137457044,0.41122565864833904,0.25933562428407786,weak presentation + moderate affinity,Low Priority,Heuristic low-priority candidate: weak presentation + moderate affinity.
LRP2,240,NWDCDGED,HLA-B0702,0.003308692279998911,99.28660326086957,30606.130626538546,0.15463917525773196,0.4054982817869416,0.2549828178694158,weak presentation + moderate affinity,Low Priority,Heuristic low-priority candidate: weak presentation + moderate affinity.
USP24,1686,VDSRSSLGFVG,HLA-B0702,0.0033859243384512746,99.28660326086957,31293.32148169599,0.21305841924398625,0.3104238258877434,0.2520045819014891,weak presentation + weak affinity,Low Priority,Heuristic low-priority candidate: weak presentation + weak affinity.
SASH1,516,LNGQSSMSGQ,HLA-B0702,0.0033050833049645283,99.28660326086957,30624.995890000493,0.15120274914089346,0.4020618556701031,0.2515463917525773,weak presentation + moderate affinity,Low Priority,Heuristic low-priority candidate: weak presentation + moderate affinity.
CNTRL,1709,MLQLESHELQ,HLA-B0702,0.0033306100401321054,99.28660326086957,30911.664485148256,0.1706758304696449,0.3665521191294387,0.24902634593356243,weak presentation + moderate affinity,Low Priority,Heuristic low-priority candidate: weak presentation + moderate affinity.
ANO2,334,DRKLLYQEWV,HLA-B0702,0.0034463747720944048,99.28660326086957,31814.779731206618,0.24627720504009165,0.2520045819014891,0.24856815578465064,weak presentation + weak affinity,Low Priority,Heuristic low-priority candidate: weak presentation + weak affinity.
TTC7A,833,LDCFLTALE,HLA-B0702,0.00330319099899664,99.28660326086957,30710.886761473932,0.14891179839633448,0.3928980526918671,0.24650630011454755,weak presentation + moderate affinity,Low Priority,Heuristic low-priority candidate: weak presentation + moderate affinity.
CNTRL,1709,NILDMLQLESH,HLA-B0702,0.003567694702819364,99.28660326086957,32636.326082388627,0.3218785796105384,0.13287514318442153,0.24627720504009165,weak presentation + weak affinity,Low Priority,Heuristic low-priority candidate: weak presentation + weak affinity.
KEL,684,YAQVMCRNPS,HLA-B0702,0.003311404165799775,99.28660326086957,30798.486802312855,0.15693012600229095,0.38029782359679265,0.24627720504009165,weak presentation + moderate affinity,Low Priority,Heuristic low-priority candidate: weak presentation + moderate affinity.
SPIRE2,218,KKLREDEPH,HLA-B0702,0.0033372165260683083,99.28660326086957,31083.60779790539,0.17983963344788087,0.33791523482245134,0.24306987399770907,weak presentation + moderate affinity,Low Priority,Heuristic low-priority candidate: weak presentation + moderate affinity.
CNTRL,1709,LQLESHELQ,HLA-B0702,0.003327788648919794,99.28660326086957,30973.950306697367,0.16838487972508592,0.3550973654066438,0.24306987399770907,weak presentation + moderate affinity,Low Priority,Heuristic low-priority candidate: weak presentation + moderate affinity.
PTEN,130,HCKAGKGQ,HLA-B0702,0.0032897332383660265,99.28660326086957,30767.729629038404,0.14432989690721648,0.38831615120274915,0.24192439862542953,weak presentation + moderate affinity,Low Priority,Heuristic low-priority candidate: weak presentation + moderate affinity.
ANO2,334,LLYQEWVRYG,HLA-B0702,0.0037305061649205483,99.28660326086957,33555.15904108701,0.38831615120274915,0.021764032073310423,0.24169530355097366,moderate presentation + weak affinity,Low Priority,Heuristic low-priority candidate: moderate presentation + weak affinity.
ZNF831,1480,FGSKGNFP,HLA-B0702,0.003386030598235299,99.28660326086957,31547.573984509723,0.21420389461626574,0.281786941580756,0.24123711340206183,weak presentation + weak affinity,Low Priority,Heuristic low-priority candidate: weak presentation + weak affinity.
RNF213,863,STKLLEFYE,HLA-B0702,0.0035450643645763614,99.28660326086957,32615.797453855834,0.3115693012600229,0.13402061855670103,0.24054982817869416,weak presentation + weak affinity,Low Priority,Heuristic low-priority candidate: weak presentation + weak affinity.
ACLY,547,KILIPVFKN,HLA-B0702,0.003609075543766056,99.28660326086957,32838.406102977235,0.3356242840778923,0.09392898052691867,0.23894616265750285,moderate presentation + weak affinity,Low Priority,Heuristic low-priority candidate: moderate presentation + weak affinity.
FSCB,16,KKKQMAIPKSS,HLA-B0702,0.0034799465111771694,99.28660326086957,32173.23648518558,0.26689576174112256,0.1958762886597938,0.23848797250859105,weak presentation + weak affinity,Low Priority,Heuristic low-priority candidate: weak presentation + weak affinity.
USH2A,1769,PDFLAMERK,HLA-B0702,0.003305899559641608,99.28660326086957,30925.00975318482,0.15234822451317298,0.3654066437571592,0.23757159221076748,weak presentation + moderate affinity,Low Priority,Heuristic low-priority candidate: weak presentation + moderate affinity.
RNF213,863,TKLLEFYE,HLA-B0702,0.0037307210334312146,99.28660326086957,33926.222042606,0.38946162657502864,0.004581901489117984,0.23550973654066437,moderate presentation + weak affinity,Low Priority,Heuristic low-priority candidate: moderate presentation + weak affinity.
HUNK,240,HGPKIDVWS,HLA-B0702,0.0032872982254617514,99.28660326086957,30846.2942521864,0.13974799541809851,0.3768613974799542,0.23459335624284078,weak presentation + moderate affinity,Low Priority,Heuristic low-priority candidate: weak presentation + moderate affinity.
SPIRE2,218,KEMLKKLRED,HLA-B0702,0.003298612648886964,99.28660326086957,30945.04369738938,0.14776632302405499,0.3619702176403207,0.2334478808705613,weak presentation + moderate affinity,Low Priority,Heuristic low-priority candidate: weak presentation + moderate affinity.
ANO2,334,WVRYGVFYKF,HLA-B0702,0.0034271882158724985,99.28660326086957,31931.38201520805,0.23482245131729668,0.23024054982817868,0.2329896907216495,weak presentation + weak affinity,Low Priority,Heuristic low-priority candidate: weak presentation + weak affinity.
PTEN,130,KAGKGQTG,HLA-B0702,0.003285247689497388,99.28660326086957,30851.29266261868,0.13631156930126,0.3757159221076747,0.2320733104238259,weak presentation + moderate affinity,Low Priority,Heuristic low-priority candidate: weak presentation + moderate affinity.
UQCRC1,179,MQENDASVRD,HLA-B0702,0.003326909463325593,99.28660326086957,31182.886576744568,0.1672394043528064,0.32760595647193586,0.2313860252004582,weak presentation + weak affinity,Low Priority,Heuristic low-priority candidate: weak presentation + weak affinity.
TPR,1734,LVEHVPVFGST,HLA-B0702,0.00344076630025915,99.28660326086957,32035.843520100098,0.24054982817869416,0.21649484536082475,0.2309278350515464,weak presentation + weak affinity,Low Priority,Heuristic low-priority candidate: weak presentation + weak affinity.
HUNK,240,LARKKHGPKID,HLA-B0702,0.0032813316261621557,99.28660326086957,30862.856183007534,0.13287514318442153,0.3722794959908362,0.2286368843069874,weak presentation + moderate affinity,Low Priority,Heuristic low-priority candidate: weak presentation + moderate affinity.
FSCB,16,QTDVIEKKKQ,HLA-B0702,0.0033405738892935974,99.28660326086957,31447.032726509988,0.18327605956471935,0.293241695303551,0.227262313860252,weak presentation + weak affinity,Low Priority,Heuristic low-priority candidate: weak presentation + weak affinity.
TPR,1734,MQSEGLVE,HLA-B0702,0.003344150990757492,99.28660326086957,31450.94266501978,0.18442153493699887,0.290950744558992,0.22703321878579613,weak presentation + weak affinity,Low Priority,Heuristic low-priority candidate: weak presentation + weak affinity.
SASH1,516,SLRSSLNGQS,HLA-B0702,0.0032905251680709216,99.28660326086957,31010.237598704054,0.145475372279496,0.3470790378006873,0.22611683848797254,weak presentation + moderate affinity,Low Priority,Heuristic low-priority candidate: weak presentation + moderate affinity.
C12orf42,163,RGAPKQAWKS,HLA-B0702,0.003288768115868297,99.28660326086957,30976.830016514035,0.140893470790378,0.3528064146620848,0.22565864833906074,weak presentation + moderate affinity,Low Priority,Heuristic low-priority candidate: weak presentation + moderate affinity.
SPIRE2,218,MLKKLREDEPH,HLA-B0702,0.0033282765159017274,99.28660326086957,31294.699141148263,0.16953035509736541,0.30927835051546393,0.22542955326460482,weak presentation + weak affinity,Low Priority,Heuristic low-priority candidate: weak presentation + weak affinity.
PAPPA2,453,VLVLTASF,HLA-B0702,0.0033136081787062768,99.28660326086957,31257.16876905631,0.16036655211912945,0.31844215349369986,0.2235967926689576,weak presentation + weak affinity,Low Priority,Heuristic low-priority candidate: weak presentation + weak affinity.
SASH1,516,SVESLRSSLNG,HLA-B0702,0.0033253218831853434,99.28660326086957,31320.622473634798,0.1660939289805269,0.30698739977090495,0.2224513172966781,weak presentation + weak affinity,Low Priority,Heuristic low-priority candidate: weak presentation + weak affinity.
SASH1,516,SVESLRSSLN,HLA-B0702,0.0033065668766849637,99.28660326086957,31191.520420211793,0.15349369988545247,0.32531500572737687,0.22222222222222224,weak presentation + weak affinity,Low Priority,Heuristic low-priority candidate: weak presentation + weak affinity.
C12orf42,163,GAPKQAWKS,HLA-B0702,0.0032832834595693606,99.28660326086957,30980.13317916078,0.13516609392898052,0.3516609392898053,0.22176403207331044,weak presentation + moderate affinity,Low Priority,Heuristic low-priority candidate: weak presentation + moderate affinity.
USH2A,1769,ERKSGILT,HLA-B0702,0.003335383769374917,99.28660326086957,31516.33765516201,0.17869415807560138,0.284077892325315,0.22084765177548682,weak presentation + weak affinity,Low Priority,Heuristic low-priority candidate: weak presentation + weak affinity.
USP24,1686,SLGFVGLRN,HLA-B0702,0.00337987545047194,99.28660326086957,31920.19369947294,0.20962199312714777,0.23596792668957617,0.22016036655211912,weak presentation + weak affinity,Low Priority,Heuristic low-priority candidate: weak presentation + weak affinity.
USP24,1686,SRSSLGFV,HLA-B0702,0.0033323342831271395,99.28660326086957,31465.158426530194,0.17411225658648338,0.28865979381443296,0.21993127147766323,weak presentation + weak affinity,Low Priority,Heuristic low-priority candidate: weak presentation + weak affinity.
UQCRC1,179,EMQENDASVRD,HLA-B0702,0.0032810515915347397,99.28660326086957,30984.224474626095,0.13172966781214204,0.35051546391752575,0.21924398625429553,weak presentation + moderate affinity,Low Priority,Heuristic low-priority candidate: weak presentation + moderate affinity.
VCX3A,63,MAAVMAPE,HLA-B0702,0.003432680722522476,99.28660326086957,32233.901663167377,0.23825887743413515,0.18900343642611683,0.21855670103092784,weak presentation + weak affinity,Low Priority,Heuristic low-priority candidate: weak presentation + weak affinity.
USP24,1686,SLGFVGLRNG,HLA-B0702,0.0033759266324054366,99.28660326086957,31922.067689338808,0.2073310423825888,0.23482245131729668,0.21832760595647194,weak presentation + weak affinity,Low Priority,Heuristic low-priority candidate: weak presentation + weak affinity.
FSCB,16,KKQMAIPKS,HLA-B0702,0.0033614565848087094,99.28660326086957,31872.194434733046,0.19931271477663232,0.24169530355097366,0.21626575028636885,weak presentation + weak affinity,Low Priority,Heuristic low-priority candidate: weak presentation + weak affinity.
HUNK,240,KKHGPKIDVWS,HLA-B0702,0.0034716359693656926,99.28660326086957,32594.79852159962,0.2623138602520046,0.13860252004581902,0.21282932416953035,weak presentation + weak affinity,Low Priority,Heuristic low-priority candidate: weak presentation + weak affinity.
KEL,684,RNPSPQDSHDT,HLA-B0702,0.0032642285346217163,99.28660326086957,31038.295076796752,0.12256586483390607,0.3459335624284078,0.21191294387170675,weak presentation + moderate affinity,Low Priority,Heuristic low-priority candidate: weak presentation + moderate affinity.
LRP2,240,YQNWDCDGED,HLA-B0702,0.003265332051876837,99.28660326086957,31090.257549793307,0.12485681557846506,0.3356242840778923,0.20916380297823595,weak presentation + moderate affinity,Low Priority,Heuristic low-priority candidate: weak presentation + moderate affinity.
ZRANB3,393,PDTRVPILSIQ,HLA-B0702,0.0032805012235623777,99.28660326086957,31206.339147482504,0.13058419243986255,0.3241695303550974,0.20801832760595648,weak presentation + weak affinity,Low Priority,Heuristic low-priority candidate: weak presentation + weak affinity.
PTEN,130,QTGVMICAYLL,HLA-B0702,0.00326810466128155,99.28660326086957,31236.038518372345,0.12714776632302405,0.3218785796105384,0.20504009163802978,weak presentation + weak affinity,Low Priority,Heuristic low-priority candidate: weak presentation + weak affinity.
KEL,684,VMCRNPSPQDS,HLA-B0702,0.003260053262502665,99.28660326086957,31135.111765414607,0.12027491408934708,0.3321878579610538,0.20504009163802978,weak presentation + moderate affinity,Low Priority,Heuristic low-priority candidate: weak presentation + moderate affinity.
SPIRE2,218,LKKLREDEPH,HLA-B0702,0.003312626674802778,99.28660326086957,31719.936510271946,0.15922107674684993,0.2646048109965636,0.2013745704467354,weak presentation + weak affinity,Low Priority,Heuristic low-priority candidate: weak presentation + weak affinity.
SASH1,516,NGQSSMSGQT,HLA-B0702,0.0032485546714407228,99.28660326086957,31179.644490315106,0.1145475372279496,0.32989690721649484,0.2006872852233677,weak presentation + weak affinity,Low Priority,Heuristic low-priority candidate: weak presentation + weak affinity.
RNF213,863,ICSSTKLLEFY,HLA-B0702,0.0033996538121708014,99.28660326086957,32430.053041255436,0.22336769759450173,0.16494845360824742,0.2,weak presentation + weak affinity,Low Priority,Heuristic low-priority candidate: weak presentation + weak affinity.
USP24,1686,LGFVGLRN,HLA-B0702,0.003561838370769963,99.28660326086957,33601.96068108495,0.31958762886597936,0.016036655211912942,0.1981672394043528,weak presentation + weak affinity,Low Priority,Heuristic low-priority candidate: weak presentation + weak affinity.
SPACA3,174,DLLNPNVKDT,HLA-B0702,0.003358159770771374,99.28660326086957,32145.911407206175,0.19473081328751432,0.2004581901489118,0.19702176403207333,weak presentation + weak affinity,Low Priority,Heuristic low-priority candidate: weak presentation + weak affinity.
KEL,684,RNPSPQDSHD,HLA-B0702,0.003239270213883991,99.28660326086957,31274.59892180423,0.1111111111111111,0.3138602520045819,0.1922107674684994,weak presentation + weak affinity,Low Priority,Heuristic low-priority candidate: weak presentation + weak affinity.
RNF213,863,LEFYELPALS,HLA-B0702,0.003339219985787434,99.28660326086957,32105.522902847417,0.18098510882016036,0.20847651775486828,0.1919816723940435,weak presentation + weak affinity,Low Priority,Heuristic low-priority candidate: weak presentation + weak affinity.
LRP2,240,QNWDCDGED,HLA-B0702,0.0032381567465500417,99.28660326086957,31270.620029760044,0.10882016036655212,0.3161512027491409,0.1917525773195876,weak presentation + weak affinity,Low Priority,Heuristic low-priority candidate: weak presentation + weak affinity.
KEL,684,YAQVMCRNPSP,HLA-B0702,0.0032647420325459414,99.28660326086957,31448.958670159718,0.12371134020618557,0.2920962199312715,0.19106529209621995,weak presentation + weak affinity,Low Priority,Heuristic low-priority candidate: weak presentation + weak affinity.
LRP2,240,CIYQNWDCDGE,HLA-B0702,0.003243015384040931,99.28660326086957,31296.725376938266,0.11225658648339061,0.30813287514318444,0.19060710194730812,weak presentation + weak affinity,Low Priority,Heuristic low-priority candidate: weak presentation + weak affinity.
SPIRE2,218,EMLKKLRE,HLA-B0702,0.0035130826121982307,99.28660326086957,33414.55388082784,0.2943871706758305,0.029782359679266894,0.18854524627720504,weak presentation + weak affinity,Low Priority,Heuristic low-priority candidate: weak presentation + weak affinity.
C12orf42,163,GAPKQAWKSS,HLA-B0702,0.0032599531407027536,99.28660326086957,31542.863886941712,0.11912943871706758,0.2829324169530355,0.18465063001145476,weak presentation + weak affinity,Low Priority,Heuristic low-priority candidate: weak presentation + weak affinity.
SPIRE2,218,KEMLKKLREDE,HLA-B0702,0.003235907190652261,99.28660326086957,31422.130562069495,0.10652920962199312,0.29782359679266895,0.18304696449026348,weak presentation + weak affinity,Low Priority,Heuristic low-priority candidate: weak presentation + weak affinity.
SPIRE2,218,EMLKKLREDEP,HLA-B0702,0.003519758096089094,99.28660326086957,33663.79751274993,0.29553264604810997,0.011454753722794959,0.18190148911798398,weak presentation + weak affinity,Low Priority,Heuristic low-priority candidate: weak presentation + weak affinity.
FSCB,16,KKQMAIPKSS,HLA-B0702,0.0032869357267797657,99.28660326086957,31823.924987702732,0.13860252004581902,0.24627720504009165,0.18167239404352808,weak presentation + weak affinity,Low Priority,Heuristic low-priority candidate: weak presentation + weak affinity.
HUNK,240,ELLARKKHGP,HLA-B0702,0.0033313055851472485,99.28660326086957,32204.85854943651,0.1729667812142039,0.19129438717067582,0.18029782359679267,weak presentation + weak affinity,Low Priority,Heuristic low-priority candidate: weak presentation + weak affinity.
PTEN,130,AIHCKAGKGQT,HLA-B0702,0.0032318725003562085,99.28660326086957,31444.09802511147,0.10309278350515463,0.2943871706758305,0.17961053837342497,weak presentation + weak affinity,Low Priority,Heuristic low-priority candidate: weak presentation + weak affinity.
LRP2,240,GRCIYQNWDCD,HLA-B0702,0.0032495784709370245,99.28660326086957,31645.416227188063,0.1156930126002291,0.27376861397479957,0.1789232531500573,weak presentation + weak affinity,Low Priority,Heuristic low-priority candidate: weak presentation + weak affinity.
USH2A,1769,DFLAMERKSG,HLA-B0702,0.003467147618804415,99.28660326086957,33177.60899657581,0.2600229095074456,0.0572737686139748,0.17892325315005728,weak presentation + weak affinity,Low Priority,Heuristic low-priority candidate: weak presentation + weak affinity.
LRP2,240,WDCDGEDD,HLA-B0702,0.0032246171111743726,99.28660326086957,31421.58507405364,0.09851088201603665,0.29896907216494845,0.17869415807560138,weak presentation + weak affinity,Low Priority,Heuristic low-priority candidate: weak presentation + weak affinity.
LRP2,240,CIYQNWDCD,HLA-B0702,0.0032260184991890514,99.28660326086957,31424.16593527875,0.09965635738831616,0.29667812142038946,0.17846506300114548,weak presentation + weak affinity,Low Priority,Heuristic low-priority candidate: weak presentation + weak affinity.
ZRANB3,393,PILSIQAAGQG,HLA-B0702,0.0032331392166012065,99.28660326086957,31485.85804083905,0.10423825887743414,0.286368843069874,0.17709049255441006,weak presentation + weak affinity,Low Priority,Heuristic low-priority candidate: weak presentation + weak affinity.
UQCRC1,179,SVRDVVFN,HLA-B0702,0.003489796202587147,99.28660326086957,33455.59373468841,0.27605956471935855,0.027491408934707903,0.17663230240549826,weak presentation + weak affinity,Low Priority,Heuristic low-priority candidate: weak presentation + weak affinity.
USP24,1686,SLGFVGLRNGG,HLA-B0702,0.003237880831335788,99.28660326086957,31566.280688423263,0.10767468499427263,0.27835051546391754,0.1759450171821306,weak presentation + weak affinity,Low Priority,Heuristic low-priority candidate: weak presentation + weak affinity.
FSCB,16,KKKQMAIPKS,HLA-B0702,0.0033087477023562564,99.28660326086957,32128.232825145118,0.15578465063001146,0.20389461626575028,0.17502863688430698,weak presentation + weak affinity,Low Priority,Heuristic low-priority candidate: weak presentation + weak affinity.
ADGRE3,357,EDPVLIVITYV,HLA-B0702,0.0032893155328876217,99.28660326086957,32018.160554926966,0.1420389461626575,0.21878579610538373,0.172737686139748,weak presentation + weak affinity,Low Priority,Heuristic low-priority candidate: weak presentation + weak affinity.
ACLY,547,HKKILIPVFKN,HLA-B0702,0.0034436180512212914,99.28660326086957,33106.039318824645,0.24284077892325315,0.06643757159221077,0.1722794959908362,weak presentation + weak affinity,Low Priority,Heuristic low-priority candidate: weak presentation + weak affinity.
HUNK,240,ELLARKKHG,HLA-B0702,0.003257321377150586,99.28660326086957,31813.78656474157,0.11798396334478808,0.2531500572737686,0.1720504009163803,weak presentation + weak affinity,Low Priority,Heuristic low-priority candidate: weak presentation + weak affinity.
ANO2,334,LLYQEWVR,HLA-B0702,0.0034844870514893133,99.28660326086957,33503.403189927005,0.27033218785796104,0.024054982817869417,0.17182130584192437,weak presentation + weak affinity,Low Priority,Heuristic low-priority candidate: weak presentation + weak affinity.
FSCB,16,KKQMAIPKSSS,HLA-B0702,0.0032856006832376636,99.28660326086957,32013.18109658908,0.13745704467353953,0.22107674684994272,0.1709049255441008,weak presentation + weak affinity,Low Priority,Heuristic low-priority candidate: weak presentation + weak affinity.
HUNK,240,PELLARKKHG,HLA-B0702,0.003239108010531343,99.28660326086957,31725.15154981252,0.10996563573883161,0.2623138602520046,0.1709049255441008,weak presentation + weak affinity,Low Priority,Heuristic low-priority candidate: weak presentation + weak affinity.
ZNF831,1480,FGSKGNFPHHD,HLA-B0702,0.0032191321164386252,99.28660326086957,31548.35512714467,0.09278350515463918,0.2806414662084765,0.16792668957617413,weak presentation + weak affinity,Low Priority,Heuristic low-priority candidate: weak presentation + weak affinity.
ZRANB3,393,PILSIQAAGQ,HLA-B0702,0.0032225140006102264,99.28660326086957,31654.14253775771,0.09507445589919816,0.27147766323024053,0.16563573883161511,weak presentation + weak affinity,Low Priority,Heuristic low-priority candidate: weak presentation + weak affinity.
PAPPA2,453,VLVLTASFEPV,HLA-B0702,0.0032157887674291643,99.28660326086957,31549.77262679782,0.08934707903780069,0.27949599083619703,0.16540664375715922,weak presentation + weak affinity,Low Priority,Heuristic low-priority candidate: weak presentation + weak affinity.
FSCB,16,QMAIPKSS,HLA-B0702,0.003396424648526299,99.28660326086957,33052.19731527551,0.2222222222222222,0.07674684994272624,0.16403207331042383,weak presentation + weak affinity,Low Priority,Heuristic low-priority candidate: weak presentation + weak affinity.
PAPPA2,453,ATVLVLTASFE,HLA-B0702,0.0033864409260582337,99.28660326086957,32966.46294142526,0.21534936998854526,0.08247422680412371,0.16219931271477664,weak presentation + weak affinity,Low Priority,Heuristic low-priority candidate: weak presentation + weak affinity.
HUNK,240,KKHGPKID,HLA-B0702,0.0033663107479390314,99.28660326086957,32803.92758958642,0.2016036655211913,0.10194730813287514,0.16174112256586484,weak presentation + weak affinity,Low Priority,Heuristic low-priority candidate: weak presentation + weak affinity.
CNTRL,1709,LDMLQLESHE,HLA-B0702,0.0032143466837730272,99.28660326086957,31652.17098539568,0.08705612829324169,0.27262313860252,0.16128293241695302,weak presentation + weak affinity,Low Priority,Heuristic low-priority candidate: weak presentation + weak affinity.
TTC7A,833,AALDCFLTALE,HLA-B0702,0.0033340765786893556,99.28660326086957,32601.84213008077,0.1764032073310424,0.13631156930126,0.16036655211912942,weak presentation + weak affinity,Low Priority,Heuristic low-priority candidate: weak presentation + weak affinity.
HUNK,240,PELLARKKHGP,HLA-B0702,0.0032476481474174182,99.28660326086957,31945.013778455417,0.1134020618556701,0.2279495990836197,0.15922107674684993,weak presentation + weak affinity,Low Priority,Heuristic low-priority candidate: weak presentation + weak affinity.
ADGRE3,357,VLIVITYVG,HLA-B0702,0.0033543952194169764,99.28660326086957,32775.28728765606,0.19243986254295534,0.10882016036655212,0.15899198167239406,weak presentation + weak affinity,Low Priority,Heuristic low-priority candidate: weak presentation + weak affinity.
CNTRL,1709,LQLESHELQG,HLA-B0702,0.003234257259603979,99.28660326086957,31911.565887804645,0.10538373424971363,0.23711340206185566,0.15807560137457044,weak presentation + weak affinity,Low Priority,Heuristic low-priority candidate: weak presentation + weak affinity.
USH2A,1769,LAMERKSG,HLA-B0702,0.0032237806270287,99.28660326086957,31822.241204313555,0.09736540664375716,0.24742268041237114,0.15738831615120275,weak presentation + weak affinity,Low Priority,Heuristic low-priority candidate: weak presentation + weak affinity.
TPR,1734,AMQSEGLV,HLA-B0702,0.003223716782846413,99.28660326086957,31819.236089788013,0.09621993127147767,0.24856815578465064,0.15715922107674685,weak presentation + weak affinity,Low Priority,Heuristic low-priority candidate: weak presentation + weak affinity.
KEL,684,CRNPSPQD,HLA-B0702,0.0032152960866492783,99.28660326086957,31807.51705958428,0.0882016036655212,0.2542955326460481,0.15463917525773196,weak presentation + weak affinity,Low Priority,Heuristic low-priority candidate: weak presentation + weak affinity.
SASH1,516,SSLNGQSSMS,HLA-B0702,0.003205159170010328,99.28660326086957,31739.92289793805,0.0836197021764032,0.2611683848797251,0.15463917525773196,weak presentation + weak affinity,Low Priority,Heuristic low-priority candidate: weak presentation + weak affinity.
SPIRE2,218,EAKEMLKKLRE,HLA-B0702,0.0033480022428283617,99.28660326086957,32813.41987107425,0.18900343642611683,0.09851088201603665,0.15280641466208475,weak presentation + weak affinity,Low Priority,Heuristic low-priority candidate: weak presentation + weak affinity.
VCX3A,63,AVMAPEAE,HLA-B0702,0.0032788893086103583,99.28660326086957,32263.80311663132,0.12829324169530354,0.18213058419243985,0.14982817869415807,weak presentation + weak affinity,Low Priority,Heuristic low-priority candidate: weak presentation + weak affinity.
TPR,1734,EGLVEHVPVFG,HLA-B0702,0.0032801867039954423,99.28660326086957,32371.440364710645,0.12943871706758306,0.17411225658648338,0.1473081328751432,weak presentation + weak affinity,Low Priority,Heuristic low-priority candidate: weak presentation + weak affinity.
LRP2,240,CIYQNWDCDG,HLA-B0702,0.003191474176374851,99.28660326086957,31761.30228516968,0.07445589919816724,0.2554410080183276,0.1468499427262314,weak presentation + weak affinity,Low Priority,Heuristic low-priority candidate: weak presentation + weak affinity.
CNTRL,1709,ILDMLQLESHE,HLA-B0702,0.00320590989669956,99.28660326086957,31875.122838410392,0.08476517754868271,0.23940435280641467,0.1466208476517755,weak presentation + weak affinity,Low Priority,Heuristic low-priority candidate: weak presentation + weak affinity.
ANO2,334,KLLYQEWV,HLA-B0702,0.003408963467800417,99.28660326086957,33493.19594172825,0.2268041237113402,0.025200458190148912,0.14616265750286367,weak presentation + weak affinity,Low Priority,Heuristic low-priority candidate: weak presentation + weak affinity.
PAPPA2,453,TVLVLTAS,HLA-B0702,0.003357757027925125,99.28660326086957,33079.09349594101,0.19358533791523483,0.07445589919816724,0.1459335624284078,weak presentation + weak affinity,Low Priority,Heuristic low-priority candidate: weak presentation + weak affinity.
ANO2,334,LLYQEWVRYGV,HLA-B0702,0.003387011351789212,99.28660326086957,33365.47502231498,0.21649484536082475,0.03665521191294387,0.1445589919816724,weak presentation + weak affinity,Low Priority,Heuristic low-priority candidate: weak presentation + weak affinity.
USP24,1686,VDSRSSLG,HLA-B0702,0.0032667800554699667,99.28660326086957,32379.81885081283,0.12600229095074456,0.1718213058419244,0.14432989690721648,weak presentation + weak affinity,Low Priority,Heuristic low-priority candidate: weak presentation + weak affinity.
ADGRE3,357,LIVITYVGLSV,HLA-B0702,0.003216270964347681,99.28660326086957,32014.98273307438,0.09049255441008018,0.21993127147766323,0.1422680412371134,weak presentation + weak affinity,Low Priority,Heuristic low-priority candidate: weak presentation + weak affinity.
KEL,684,QVMCRNPS,HLA-B0702,0.003191590514346089,99.28660326086957,31896.89195157388,0.07560137457044673,0.23825887743413515,0.1406643757159221,weak presentation + weak affinity,Low Priority,Heuristic low-priority candidate: weak presentation + weak affinity.
LRP2,240,IYQNWDCD,HLA-B0702,0.0033892830371058135,99.28660326086957,33513.33798126477,0.21878579610538373,0.022909507445589918,0.1404352806414662,weak presentation + weak affinity,Low Priority,Heuristic low-priority candidate: weak presentation + weak affinity.
UQCRC1,179,ASVRDVVFN,HLA-B0702,0.0032815798243877492,99.28660326086957,32534.402485201237,0.13402061855670103,0.14891179839633448,0.1399770904925544,weak presentation + weak affinity,Low Priority,Heuristic low-priority candidate: weak presentation + weak affinity.
C12orf42,163,AWKSSFLE,HLA-B0702,0.003403674181091094,99.28660326086957,33715.13293791926,0.22451317296678122,0.010309278350515464,0.13883161512027492,weak presentation + weak affinity,Low Priority,Heuristic low-priority candidate: weak presentation + weak affinity.
HUNK,240,AAPELLARKKH,HLA-B0702,0.003292739636165814,99.28660326086957,32680.21518848713,0.1466208476517755,0.12600229095074456,0.13837342497136312,weak presentation + weak affinity,Low Priority,Heuristic low-priority candidate: weak presentation + weak affinity.
ACLY,547,YWGHKKILIPV,HLA-B0702,0.003218183635661335,99.28660326086957,32106.69367056615,0.09163802978235967,0.2073310423825888,0.13791523482245133,weak presentation + weak affinity,Low Priority,Heuristic low-priority candidate: weak presentation + weak affinity.
SASH1,516,ESLRSSLNGQS,HLA-B0702,0.0032895315376113518,99.28660326086957,32670.062198340893,0.143184421534937,0.12829324169530354,0.1372279495990836,weak presentation + weak affinity,Low Priority,Heuristic low-priority candidate: weak presentation + weak affinity.
HUNK,240,KHGPKIDVWS,HLA-B0702,0.0032038592045530692,99.28660326086957,32099.548343065733,0.08132875143184422,0.20962199312714777,0.13264604810996564,weak presentation + weak affinity,Low Priority,Heuristic low-priority candidate: weak presentation + weak affinity.
ADGRE3,357,IVITYVGLS,HLA-B0702,0.0032029916976556235,99.28660326086957,32099.318688962987,0.08018327605956473,0.21076746849942726,0.13241695303550974,weak presentation + weak affinity,Low Priority,Heuristic low-priority candidate: weak presentation + weak affinity.
ZNF831,1480,SKGNFPHHD,HLA-B0702,0.0032637324799142894,99.28660326086957,32542.392653422638,0.12142038946162657,0.1466208476517755,0.13150057273768614,weak presentation + weak affinity,Low Priority,Heuristic low-priority candidate: weak presentation + weak affinity.
KEL,684,VMCRNPSP,HLA-B0702,0.0031798173278644445,99.28660326086957,31991.04674402428,0.06872852233676977,0.22451317296678122,0.13104238258877435,weak presentation + weak affinity,Low Priority,Heuristic low-priority candidate: weak presentation + weak affinity.
SPIRE2,218,AKEMLKKLRE,HLA-B0702,0.0032300647803577974,99.28660326086957,32439.26042459103,0.10194730813287514,0.16265750286368844,0.12623138602520045,weak presentation + weak affinity,Low Priority,Heuristic low-priority candidate: weak presentation + weak affinity.
ZRANB3,393,RVPILSIQ,HLA-B0702,0.0033455231693285885,99.28660326086957,33396.840299714124,0.18556701030927836,0.033218785796105384,0.12462772050400917,weak presentation + weak affinity,Low Priority,Heuristic low-priority candidate: weak presentation + weak affinity.
CNTRL,1709,MLQLESHELQG,HLA-B0702,0.003190574094184335,99.28660326086957,32154.2710502193,0.07331042382588775,0.1981672394043528,0.12325315005727377,weak presentation + weak affinity,Low Priority,Heuristic low-priority candidate: weak presentation + weak affinity.
TTC7A,833,GQNEAALD,HLA-B0702,0.0032511702436548396,99.28660326086957,32665.372263603098,0.11683848797250859,0.12943871706758306,0.12187857961053838,weak presentation + weak affinity,Low Priority,Heuristic low-priority candidate: weak presentation + weak affinity.
SASH1,516,LNGQSSMSGQT,HLA-B0702,0.003157764750821856,99.28660326086957,32108.921572968877,0.0572737686139748,0.20618556701030927,0.11683848797250859,weak presentation + weak affinity,Low Priority,Heuristic low-priority candidate: weak presentation + weak affinity.
SPIRE2,218,LKKLREDE,HLA-B0702,0.003198673198746469,99.28660326086957,32398.677035617384,0.07789232531500573,0.1672394043528064,0.113631156930126,weak presentation + weak affinity,Low Priority,Heuristic low-priority candidate: weak presentation + weak affinity.
LRP2,240,GRCIYQNWD,HLA-B0702,0.003180180330952188,99.28660326086957,32365.857781657098,0.07101947308132875,0.17525773195876287,0.1127147766323024,weak presentation + weak affinity,Low Priority,Heuristic low-priority candidate: weak presentation + weak affinity.
TTC7A,833,QNEAALDCFLT,HLA-B0702,0.003166886481967366,99.28660326086957,32208.51154043233,0.058419243986254296,0.19014891179839633,0.11111111111111112,weak presentation + weak affinity,Low Priority,Heuristic low-priority candidate: weak presentation + weak affinity.
C12orf42,163,GAPKQAWK,HLA-B0702,0.003199323613205074,99.28660326086957,32475.19915878886,0.07903780068728522,0.15463917525773196,0.10927835051546392,weak presentation + weak affinity,Low Priority,Heuristic low-priority candidate: weak presentation + weak affinity.
TTC7A,833,LDCFLTALELE,HLA-B0702,0.003150801207933788,99.28660326086957,32195.074235948818,0.052691867124856816,0.19358533791523483,0.10904925544100802,weak presentation + weak affinity,Low Priority,Heuristic low-priority candidate: weak presentation + weak affinity.
ZNF831,1480,GSKGNFPHHD,HLA-B0702,0.0031927905463993702,99.28660326086957,32472.105420302665,0.07674684994272624,0.15578465063001146,0.10836197021764032,weak presentation + weak affinity,Low Priority,Heuristic low-priority candidate: weak presentation + weak affinity.
UQCRC1,179,ENDASVRD,HLA-B0702,0.0031545513863364388,99.28660326086957,32249.281126769787,0.056128293241695305,0.18442153493699887,0.10744558991981673,weak presentation + weak affinity,Low Priority,Heuristic low-priority candidate: weak presentation + weak affinity.
CNTRL,1709,LDMLQLES,HLA-B0702,0.0031787912999470375,99.28660326086957,32456.833065172268,0.06758304696449026,0.15922107674684993,0.10423825887743413,weak presentation + weak affinity,Low Priority,Heuristic low-priority candidate: weak presentation + weak affinity.
TTC7A,833,QNEAALDC,HLA-B0702,0.0031461422565603526,99.28660326086957,32271.87641694239,0.050400916380297825,0.17983963344788087,0.10217640320733105,weak presentation + weak affinity,Low Priority,Heuristic low-priority candidate: weak presentation + weak affinity.
LRP2,240,RCIYQNWDCDG,HLA-B0702,0.003149263567892444,99.28660326086957,32284.701109237845,0.05154639175257732,0.1775486827033219,0.10194730813287516,weak presentation + weak affinity,Low Priority,Heuristic low-priority candidate: weak presentation + weak affinity.
SPIRE2,218,AKEMLKKLRED,HLA-B0702,0.0031761488544469808,99.28660326086957,32464.1961041956,0.06300114547537228,0.15807560137457044,0.10103092783505155,weak presentation + weak affinity,Low Priority,Heuristic low-priority candidate: weak presentation + weak affinity.
RNF213,863,LLEFYELP,HLA-B0702,0.0033037375142999175,99.28660326086957,33491.254287178344,0.15005727376861397,0.026345933562428408,0.10057273768613975,weak presentation + weak affinity,Low Priority,Heuristic low-priority candidate: weak presentation + weak affinity.
C12orf42,163,PKQAWKSSFLE,HLA-B0702,0.0031876166622249753,99.28660326086957,32563.278153442276,0.07216494845360824,0.1420389461626575,0.10011454753722794,weak presentation + weak affinity,Low Priority,Heuristic low-priority candidate: weak presentation + weak affinity.
TTC7A,833,AALDCFLT,HLA-B0702,0.003177471755673988,99.28660326086957,32523.453831678868,0.06529209621993128,0.15120274914089346,0.09965635738831616,weak presentation + weak affinity,Low Priority,Heuristic low-priority candidate: weak presentation + weak affinity.
RNF213,863,CSSTKLLE,HLA-B0702,0.0032219523636588714,99.28660326086957,32794.00317176764,0.09392898052691867,0.10538373424971363,0.09851088201603665,weak presentation + weak affinity,Low Priority,Heuristic low-priority candidate: weak presentation + weak affinity.
LRP2,240,RCIYQNWDCD,HLA-B0702,0.003138676278754659,99.28660326086957,32381.101685916572,0.044673539518900345,0.16953035509736541,0.09461626575028638,weak presentation + weak affinity,Low Priority,Heuristic low-priority candidate: weak presentation + weak affinity.
SASH1,516,GSVESLRSSLN,HLA-B0702,0.0031539446610819306,99.28660326086957,32556.268727793115,0.054982817869415807,0.143184421534937,0.09026345933562428,weak presentation + weak affinity,Low Priority,Heuristic low-priority candidate: weak presentation + weak affinity.
VCX3A,63,VMAPEAES,HLA-B0702,0.003178744650307794,99.28660326086957,32739.83066712867,0.06643757159221077,0.11683848797250859,0.0865979381443299,weak presentation + weak affinity,Low Priority,Heuristic low-priority candidate: weak presentation + weak affinity.
LRP2,240,SGRCIYQNWD,HLA-B0702,0.0031286167326908757,99.28660326086957,32510.749465611843,0.042382588774341354,0.15234822451317298,0.086368843069874,weak presentation + weak affinity,Low Priority,Heuristic low-priority candidate: weak presentation + weak affinity.
USH2A,1769,PDFLAMERKS,HLA-B0702,0.0031278428945780206,99.28660326086957,32538.87085149216,0.041237113402061855,0.14776632302405499,0.08384879725085911,weak presentation + weak affinity,Low Priority,Heuristic low-priority candidate: weak presentation + weak affinity.
SPIRE2,218,MLKKLRED,HLA-B0702,0.003167214498978318,99.28660326086957,32727.190445058877,0.05956471935853379,0.11912943871706758,0.0833906071019473,weak presentation + weak affinity,Low Priority,Heuristic low-priority candidate: weak presentation + weak affinity.
CNTRL,1709,QLESHELQ,HLA-B0702,0.0031437117555624546,99.28660326086957,32600.01653482353,0.046964490263459335,0.13745704467353953,0.08316151202749142,weak presentation + weak affinity,Low Priority,Heuristic low-priority candidate: weak presentation + weak affinity.
PAPPA2,453,VLVLTASFE,HLA-B0702,0.0031250929684511286,99.28660326086957,32529.373684268838,0.037800687285223365,0.15005727376861397,0.08270332187857961,weak presentation + weak affinity,Low Priority,Heuristic low-priority candidate: weak presentation + weak affinity.
ADGRE3,357,IVITYVGLSVS,HLA-B0702,0.0032140512772411136,99.28660326086957,33079.64462542109,0.0859106529209622,0.07331042382588775,0.08087056128293242,weak presentation + weak affinity,Low Priority,Heuristic low-priority candidate: weak presentation + weak affinity.
CNTRL,1709,NILDMLQLES,HLA-B0702,0.0031382800637489135,99.28660326086957,32647.315891261955,0.043528064146620846,0.13058419243986255,0.07835051546391752,weak presentation + weak affinity,Low Priority,Heuristic low-priority candidate: weak presentation + weak affinity.
LRP2,240,CIYQNWDC,HLA-B0702,0.0031198508701760523,99.28660326086957,32565.251196330843,0.03436426116838488,0.140893470790378,0.07697594501718213,weak presentation + weak affinity,Low Priority,Heuristic low-priority candidate: weak presentation + weak affinity.
CNTRL,1709,DMLQLESHE,HLA-B0702,0.003171638467285343,99.28660326086957,32809.81491391234,0.06071019473081329,0.10080183276059565,0.07674684994272624,weak presentation + weak affinity,Low Priority,Heuristic low-priority candidate: weak presentation + weak affinity.
SASH1,516,LRSSLNGQ,HLA-B0702,0.00312609950016628,99.28660326086957,32644.432466499755,0.04009163802978236,0.13172966781214204,0.07674684994272624,weak presentation + weak affinity,Low Priority,Heuristic low-priority candidate: weak presentation + weak affinity.
KEL,684,RSYAQVMCRN,HLA-B0702,0.003229993092491058,99.28660326086957,33394.85348530262,0.10080183276059565,0.03436426116838488,0.07422680412371134,weak presentation + weak affinity,Low Priority,Heuristic low-priority candidate: weak presentation + weak affinity.
ADGRE3,357,PVLIVITYVG,HLA-B0702,0.00312216499603765,99.28660326086957,32691.71206494192,0.035509736540664374,0.12485681557846506,0.07124856815578465,weak presentation + weak affinity,Low Priority,Heuristic low-priority candidate: weak presentation + weak affinity.
SASH1,516,SSLNGQSS,HLA-B0702,0.003110997770499442,99.28660326086957,32678.148248079964,0.029782359679266894,0.12714776632302405,0.06872852233676977,weak presentation + weak affinity,Low Priority,Heuristic low-priority candidate: weak presentation + weak affinity.
PAPPA2,453,TVLVLTASFEP,HLA-B0702,0.0032044857903387783,99.28660326086957,33264.96109245379,0.08247422680412371,0.041237113402061855,0.06597938144329897,weak presentation + weak affinity,Low Priority,Heuristic low-priority candidate: weak presentation + weak affinity.
PAPPA2,453,TVLVLTASFE,HLA-B0702,0.003125227249946246,99.28660326086957,32793.985525451106,0.038946162657502864,0.10652920962199312,0.06597938144329897,weak presentation + weak affinity,Low Priority,Heuristic low-priority candidate: weak presentation + weak affinity.
CNTRL,1709,DMLQLESHELQ,HLA-B0702,0.003179841972014115,99.28660326086957,33212.65175372836,0.06987399770904926,0.05154639175257732,0.06254295532646048,weak presentation + weak affinity,Low Priority,Heuristic low-priority candidate: weak presentation + weak affinity.
SPIRE2,218,EMLKKLREDE,HLA-B0702,0.0031753899988531233,99.28660326086957,33135.46921811694,0.061855670103092786,0.061855670103092786,0.061855670103092786,weak presentation + weak affinity,Low Priority,Heuristic low-priority candidate: weak presentation + weak affinity.
SPACA3,174,LNPNVKDT,HLA-B0702,0.0031175665853267124,99.28660326086957,32812.35730786608,0.033218785796105384,0.09965635738831616,0.05979381443298969,weak presentation + weak affinity,Low Priority,Heuristic low-priority candidate: weak presentation + weak affinity.
SPIRE2,218,KKLREDEP,HLA-B0702,0.0031773138230590287,99.28660326086957,33205.655661055665,0.06414662084765177,0.052691867124856816,0.05956471935853379,weak presentation + weak affinity,Low Priority,Heuristic low-priority candidate: weak presentation + weak affinity.
LRP2,240,PSGRCIYQNWD,HLA-B0702,0.003098085994428588,99.28660326086957,32752.806734002905,0.021764032073310423,0.1156930126002291,0.05933562428407789,weak presentation + weak affinity,Low Priority,Heuristic low-priority candidate: weak presentation + weak affinity.
CNTRL,1709,LESHELQG,HLA-B0702,0.003103737410166068,99.28660326086957,32796.949512772815,0.0286368843069874,0.10423825887743414,0.05887743413516609,weak presentation + weak affinity,Low Priority,Heuristic low-priority candidate: weak presentation + weak affinity.
ANO2,334,NDRKLLYQEWV,HLA-B0702,0.003114693801681933,99.28660326086957,32814.0773443314,0.030927835051546393,0.09736540664375716,0.0575028636884307,weak presentation + weak affinity,Low Priority,Heuristic low-priority candidate: weak presentation + weak affinity.
KEL,684,RNPSPQDS,HLA-B0702,0.0030971830352102127,99.28660326086957,32757.466574849997,0.019473081328751432,0.1145475372279496,0.0575028636884307,weak presentation + weak affinity,Low Priority,Heuristic low-priority candidate: weak presentation + weak affinity.
FSCB,16,EKKKQMAIPKS,HLA-B0702,0.003139195536525041,99.28660326086957,33111.503066042285,0.045819014891179836,0.06414662084765177,0.053150057273768606,weak presentation + weak affinity,Low Priority,Heuristic low-priority candidate: weak presentation + weak affinity.
PAPPA2,453,VLVLTASFEP,HLA-B0702,0.003103215401247683,99.28660326086957,32873.05136798119,0.026345933562428408,0.09049255441008018,0.05200458190148912,weak presentation + weak affinity,Low Priority,Heuristic low-priority candidate: weak presentation + weak affinity.
USH2A,1769,PDFLAMERKSG,HLA-B0702,0.003099661259827823,99.28660326086957,32829.9125273048,0.022909507445589918,0.09507445589919816,0.05177548682703322,weak presentation + weak affinity,Low Priority,Heuristic low-priority candidate: weak presentation + weak affinity.
SASH1,516,SLRSSLNG,HLA-B0702,0.003143935802650626,99.28660326086957,33188.51580300588,0.048109965635738834,0.054982817869415807,0.05085910652920962,weak presentation + weak affinity,Low Priority,Heuristic low-priority candidate: weak presentation + weak affinity.
CNTRL,1709,KNILDMLQLES,HLA-B0702,0.0031161615667146033,99.28660326086957,33071.98243602158,0.032073310423825885,0.07560137457044673,0.049484536082474224,weak presentation + weak affinity,Low Priority,Heuristic low-priority candidate: weak presentation + weak affinity.
RNF213,863,SSTKLLEFYE,HLA-B0702,0.003146108823770611,99.28660326086957,33226.632424205585,0.049255441008018326,0.046964490263459335,0.04833906071019473,weak presentation + weak affinity,Low Priority,Heuristic low-priority candidate: weak presentation + weak affinity.
SASH1,516,RSSLNGQS,HLA-B0702,0.0030979464505621087,99.28660326086957,32939.42287373687,0.020618556701030927,0.0859106529209622,0.04673539518900344,weak presentation + weak affinity,Low Priority,Heuristic low-priority candidate: weak presentation + weak affinity.
HUNK,240,ELLARKKH,HLA-B0702,0.0031523101059764045,99.28660326086957,33396.887952405465,0.053837342497136315,0.032073310423825885,0.04513172966781215,weak presentation + weak affinity,Low Priority,Heuristic low-priority candidate: weak presentation + weak affinity.
SASH1,516,NGQSSMSG,HLA-B0702,0.0030821677985791783,99.28660326086957,32927.0130998074,0.012600229095074456,0.08705612829324169,0.042382588774341354,weak presentation + weak affinity,Low Priority,Heuristic low-priority candidate: weak presentation + weak affinity.
ZNF831,1480,KGNFPHHD,HLA-B0702,0.0031015686287880033,99.28660326086957,33109.29534578304,0.025200458190148912,0.06529209621993128,0.04123711340206186,weak presentation + weak affinity,Low Priority,Heuristic low-priority candidate: weak presentation + weak affinity.
C12orf42,163,PKQAWKSS,HLA-B0702,0.0030796773582598518,99.28660326086957,33046.86150353924,0.011454753722794959,0.07903780068728522,0.03848797250859106,weak presentation + weak affinity,Low Priority,Heuristic low-priority candidate: weak presentation + weak affinity.
KEL,684,FRSYAQVMCRN,HLA-B0702,0.0030951177205444007,99.28660326086957,33104.48905035965,0.01718213058419244,0.06872852233676977,0.03780068728522337,weak presentation + weak affinity,Low Priority,Heuristic low-priority candidate: weak presentation + weak affinity.
PTEN,130,CKAGKGQT,HLA-B0702,0.0030724527666704093,99.28660326086957,33047.95457208752,0.009163802978235968,0.07789232531500573,0.03665521191294387,weak presentation + weak affinity,Low Priority,Heuristic low-priority candidate: weak presentation + weak affinity.
CNTRL,1709,MLQLESHE,HLA-B0702,0.0031242767324117745,99.28660326086957,33408.553061018785,0.03665521191294387,0.030927835051546393,0.03436426116838488,weak presentation + weak affinity,Low Priority,Heuristic low-priority candidate: weak presentation + weak affinity.
ADGRE3,357,LIVITYVGLS,HLA-B0702,0.0030717714150729886,99.28660326086957,33084.62287331065,0.008018327605956471,0.07101947308132875,0.033218785796105384,weak presentation + weak affinity,Low Priority,Heuristic low-priority candidate: weak presentation + weak affinity.
LRP2,240,YQNWDCDG,HLA-B0702,0.003082621761100057,99.28660326086957,33159.26172420517,0.014891179839633447,0.058419243986254296,0.03230240549828178,weak presentation + weak affinity,Low Priority,Heuristic low-priority candidate: weak presentation + weak affinity.
SASH1,516,LNGQSSMS,HLA-B0702,0.0030703516805037166,99.28660326086957,33104.866002572155,0.006872852233676976,0.06758304696449026,0.03115693012600229,weak presentation + weak affinity,Low Priority,Heuristic low-priority candidate: weak presentation + weak affinity.
LRP2,240,QNWDCDGE,HLA-B0702,0.0030587433410818334,99.28660326086957,33212.96487624842,0.0057273768613974796,0.050400916380297825,0.023596792668957617,weak presentation + weak affinity,Low Priority,Heuristic low-priority candidate: weak presentation + weak affinity.
RNF213,863,CSSTKLLEFYE,HLA-B0702,0.0031014229111117316,99.28660326086957,33569.98397418587,0.024054982817869417,0.020618556701030927,0.022680412371134023,weak presentation + weak affinity,Low Priority,Heuristic low-priority candidate: weak presentation + weak affinity.
RNF213,863,LLEFYELPALS,HLA-B0702,0.0030761605232186647,99.28660326086957,33324.70065595472,0.010309278350515464,0.038946162657502864,0.021764032073310423,weak presentation + weak affinity,Low Priority,Heuristic low-priority candidate: weak presentation + weak affinity.
ZNF831,1480,SSFGSKGN,HLA-B0702,0.0030825147030851285,99.28660326086957,33417.578199295196,0.013745704467353952,0.0286368843069874,0.01970217640320733,weak presentation + weak affinity,Low Priority,Heuristic low-priority candidate: weak presentation + weak affinity.
KEL,684,YAQVMCRN,HLA-B0702,0.0031033774454477287,99.28660326086957,33960.71475275794,0.027491408934707903,0.003436426116838488,0.017869415807560136,weak presentation + weak affinity,Low Priority,Heuristic low-priority candidate: weak presentation + weak affinity.
SASH1,516,ESLRSSLN,HLA-B0702,0.0030945201022780948,99.28660326086957,33637.00219488849,0.016036655211912942,0.012600229095074456,0.014662084765177549,weak presentation + weak affinity,Low Priority,Heuristic low-priority candidate: weak presentation + weak affinity.
ADGRE3,357,LIVITYVG,HLA-B0702,0.003095748729718003,99.28660326086957,33786.60494672813,0.018327605956471937,0.008018327605956471,0.014203894616265752,weak presentation + weak affinity,Low Priority,Heuristic low-priority candidate: weak presentation + weak affinity.
HUNK,240,LLARKKHG,HLA-B0702,0.003028189950628794,99.28660326086957,33585.80712239484,0.002290950744558992,0.019473081328751432,0.009163802978235968,weak presentation + weak affinity,Low Priority,Heuristic low-priority candidate: weak presentation + weak affinity.
USH2A,1769,FLAMERKS,HLA-B0702,0.0030485199369923214,99.28660326086957,33887.86999461373,0.004581901489117984,0.006872852233676976,0.005498281786941581,weak presentation + weak affinity,Low Priority,Heuristic low-priority candidate: weak presentation + weak affinity.
ADGRE3,357,VLIVITYVGLS,HLA-B0702,0.0030457740370560603,99.28660326086957,33908.34525856317,0.003436426116838488,0.0057273768613974796,0.004352806414662085,weak presentation + weak affinity,Low Priority,Heuristic low-priority candidate: weak presentation + weak affinity.
LRP2,240,RCIYQNWD,HLA-B0702,0.0029941123586097176,100.0,34036.47535976221,0.0,0.002290950744558992,0.0009163802978235969,weak presentation + weak affinity,Low Priority,Heuristic low-priority candidate: weak presentation + weak affinity.
ANO2,334,WVRYGVFYKFQ,HLA-B0702,0.0030254082246367986,99.28660326086957,34454.98300188844,0.001145475372279496,0.0,0.0006872852233676976,weak presentation + weak affinity,Low Priority,Heuristic low-priority candidate: weak presentation + weak affinity.
